Gas age [ka BP]	CO2 [ppmv]
0.350168	280.4
0.485930	274.9
0.500826	277.9
0.539620	279.1
0.539863	281.9
0.657171	277.7
0.763045	281.1
0.867384	282.2
0.962373	280.1
1.109540	278.4
1.166760	276.6
1.256420	279.1
1.316120	277.7
1.387290	278.7
1.477590	277.4
1.653130	279.2
1.728930	280.0
1.817750	278.9
1.901420	278.7
1.999370	278.0
2.093720	276.9
2.233680	276.7
2.265560	276.7
2.414330	277.6
2.526190	277.9
2.627810	273.9
2.709020	278.9
2.798690	275.3
2.928890	274.7
2.933450	276.3
3.055150	274.6
3.255840	276.3
3.283720	273.1
3.433730	274.0
3.528090	275.0
3.644350	273.4
3.693780	273.0
3.806550	271.5
3.856380	275.4
3.968320	274.9
4.105730	271.7
4.205980	271.6
4.274380	272.8
4.343350	271.5
4.494680	271.1
4.591620	269.1
4.647390	269.8
4.772770	271.5
4.921710	270.7
4.981010	269.3
5.086790	268.6
5.218190	269.8
5.310260	267.6
5.357920	265.3
5.532150	265.2
5.581250	267.6
5.758260	265.9
5.872200	265.5
5.929830	260.7
5.999370	266.7
6.089130	265.5
6.302140	263.2
6.337090	262.7
6.400070	261.2
6.570900	261.1
6.682690	259.4
6.769630	262.1
6.879860	262.9
6.970430	258.1
7.037520	257.6
7.210460	262.3
7.263790	263.0
7.404410	260.7
7.497610	258.4
7.661340	260.1
7.719650	260.4
7.860130	259.7
7.930140	259.2
7.968480	260.8
8.117250	259.6
8.194710	259.3
8.353170	258.3
8.460200	261.3
8.546180	260.7
8.709350	261.8
8.781280	259.0
8.912190	260.9
8.992450	260.4
9.059790	259.3
9.142350	262.0
9.294990	263.7
9.360880	263.8
9.436940	265.2
9.516290	260.6
9.522590	260.9
9.555850	263.0
9.573390	263.8
9.901270	264.4
9.993700	264.2
10.133600	264.0
10.193800	263.4
10.299500	265.7
10.367600	264.9
10.505700	267.5
10.683200	266.9
10.801900	266.0
10.835200	265.1
10.954500	267.6
11.090600	264.8
11.161100	264.8
11.185900	265.0
11.200400	265.3
11.257000	264.4
11.315000	264.1
11.438900	264.2
11.522100	264.5
11.529800	264.0
11.531900	263.0
11.538900	265.2
11.539200	258.8
11.544100	260.8
11.610300	255.4
11.686700	253.9
11.752600	253.8
11.938500	250.7
12.017600	249.7
12.077500	251.1
12.155000	250.7
12.313000	245.3
12.404100	245.3
12.442300	246.6
12.508400	243.2
12.579800	240.3
12.822700	237.5
12.953000	237.6
13.198800	234.2
13.436500	238.3
13.627900	237.3
13.726400	237.9
13.910900	237.6
14.188600	236.4
14.248300	239.2
14.262000	238.6
14.385300	238.6
14.580600	239.1
14.811200	228.5
15.137500	228.4
15.421500	226.1
15.659000	225.2
15.790500	224.5
15.937600	222.0
16.063100	221.0
16.134500	220.9
16.398000	219.4
16.723700	214.0
16.971500	207.5
17.155600	207.7
17.287900	202.9
17.395000	200.8
17.705300	195.2
18.212700	193.9
18.499300	191.0
18.638400	188.5
18.907300	188.5
19.114200	189.2
19.437800	187.0
19.606000	188.6
19.827400	189.4
19.851600	192.3
19.884200	188.3
20.143800	188.7
20.224500	188.8
20.485400	190.0
20.817700	188.0
21.065600	188.2
21.108700	195.0
21.428200	187.8
21.576900	186.9
21.718800	186.5
21.824900	184.7
21.928000	186.1
22.133300	185.7
22.236000	184.4
22.884200	189.2
26.387300	191.6
29.143800	188.5
30.278400	191.7
35.178700	205.3
37.487800	209.1
43.497800	209.1
47.144000	189.3
49.240500	188.4
50.114300	210.1
51.178200	215.7
53.096900	190.4
58.060800	221.7
58.678600	210.4
64.232500	195.3
66.515300	191.4
67.834700	194.9
72.508300	227.3
74.631100	229.1
78.770600	217.1
79.742200	221.7
81.852100	230.9
83.370600	241.1
84.175200	236.4
84.809700	228.0
85.836400	214.2
87.025600	217.0
88.923100	208.0
91.323700	224.2
92.319300	228.3
94.985000	232.0
99.992700	225.8
100.697000	230.8
101.364000	236.9
102.996000	228.1
104.297000	236.9
105.166000	230.6
106.770000	238.2
107.243000	245.6
108.902000	251.2
111.075000	256.7
112.574000	266.3
113.368000	261.4
113.874000	274.5
114.427000	273.2
115.842000	262.5
117.125000	267.6
118.050000	273.7
119.096000	271.9
119.881000	265.2
120.483000	277.6
121.867000	272.1
122.680000	276.4
123.833000	268.7
123.863000	266.6
124.408000	266.3
124.702000	279.7
124.909000	273.0
125.112000	277.1
126.144000	273.7
126.444000	267.1
126.773000	262.5
126.976000	262.6
127.527000	275.3
127.797000	275.6
128.235000	274.0
128.259000	287.1
128.542000	286.8
128.824000	282.6
129.137000	264.1
129.307000	263.4
129.687000	257.9
129.770000	259.0
131.345000	245.0
131.496000	240.4
131.823000	228.9
132.616000	223.5
133.186000	223.9
133.224000	220.3
133.535000	210.6
134.205000	208.9
134.404000	203.7
135.099000	204.5
135.218000	200.4
135.291000	198.0
135.706000	198.0
136.005000	201.7
136.125000	200.7
136.431000	202.4
136.825000	195.8
136.925000	201.1
137.560000	194.3
137.900000	193.4
138.305000	194.2
138.530000	190.2
139.736000	192.3
140.179000	196.5
141.512000	195.6
141.573000	196.4
142.840000	190.4
146.611000	196.9
150.243000	203.0
151.151000	191.9
151.260000	188.9
152.823000	200.6
156.236000	189.0
157.341000	185.5
157.800000	187.5
161.452000	204.3
161.930000	196.5
163.679000	191.6
164.083000	190.1
164.949000	186.7
165.856000	183.8
166.865000	196.6
169.849000	197.8
172.463000	197.7
174.714000	196.0
175.841000	190.3
176.778000	189.4
177.112000	190.1
179.136000	207.7
180.655000	213.2
181.587000	217.7
182.619000	198.1
183.497000	199.7
185.306000	203.4
187.865000	210.7
189.499000	231.3
190.868000	231.4
191.589000	220.3
192.881000	218.0
195.237000	226.5
195.871000	220.0
197.357000	226.4
197.967000	241.2
198.461000	242.6
201.211000	250.9
202.140000	239.1
203.351000	247.6
204.764000	244.4
205.282000	231.9
205.780000	232.2
206.310000	228.6
206.913000	226.3
207.314000	229.4
207.711000	231.4
208.310000	238.1
208.504000	237.2
209.136000	230.0
209.465000	240.5
209.887000	242.2
210.378000	244.6
210.558000	243.9
211.087000	247.2
211.260000	252.0
211.687000	246.9
212.059000	239.5
212.345000	257.4
213.028000	243.4
214.057000	251.2
214.943000	241.4
215.476000	240.3
215.760000	242.6
216.173000	247.5
216.652000	251.7
216.954000	251.1
217.464000	245.3
218.488000	240.5
220.582000	214.1
221.268000	216.1
222.217000	207.1
222.904000	208.8
224.318000	205.6
226.542000	203.3
227.053000	215.7
227.748000	235.5
228.471000	234.5
228.799000	233.1
229.628000	224.5
231.223000	232.4
232.154000	233.9
232.853000	241.6
236.255000	245.2
236.819000	252.1
237.434000	241.4
238.018000	247.4
238.593000	243.1
239.158000	239.1
239.842000	245.6
240.308000	245.8
240.790000	247.4
241.312000	252.8
242.248000	259.7
242.611000	263.2
243.158000	279.0
243.474000	280.2
244.172000	263.7
244.565000	252.3
244.965000	249.9
245.526000	236.7
246.163000	230.4
246.844000	219.4
249.367000	214.7
252.180000	200.2
253.192000	213.9
254.205000	195.4
255.205000	196.7
256.100000	195.4
258.018000	199.0
258.887000	201.9
259.686000	204.0
261.891000	203.9
263.865000	209.6
264.404000	205.7
265.438000	208.9
266.051000	214.6
267.380000	228.1
268.482000	199.9
269.153000	211.7
270.175000	188.7
270.858000	187.2
271.707000	194.2
272.687000	198.8
273.597000	184.7
274.583000	190.4
275.411000	193.9
276.290000	194.1
277.115000	198.4
277.913000	193.2
278.906000	202.2
279.691000	204.5
280.583000	211.0
281.359000	215.3
282.775000	223.7
284.614000	231.3
286.142000	228.0
286.808000	226.4
287.671000	231.4
288.165000	230.4
288.808000	231.0
290.557000	234.9
291.062000	220.4
291.695000	217.1
292.741000	207.6
293.442000	206.0
294.145000	206.7
294.874000	212.7
296.060000	213.1
298.076000	217.1
298.765000	224.4
299.509000	231.0
300.261000	236.1
301.281000	239.0
302.206000	236.0
303.045000	240.2
303.955000	240.7
304.577000	250.2
305.296000	248.6
306.259000	244.8
307.380000	225.8
308.628000	227.8
309.375000	226.2
310.306000	233.2
311.264000	237.8
312.198000	239.0
313.192000	241.9
314.155000	251.6
315.067000	256.7
315.893000	257.1
316.661000	246.8
317.309000	272.6
318.030000	251.6
318.914000	245.2
319.882000	233.4
320.982000	255.8
321.915000	249.2
323.596000	257.2
324.349000	260.4
325.119000	260.3
325.931000	260.5
326.682000	266.2
327.477000	264.0
328.118000	266.1
328.866000	270.1
329.549000	271.9
330.257000	275.1
331.574000	265.0
332.196000	271.7
332.770000	272.6
333.576000	273.1
334.080000	282.4
334.410000	289.1
334.580000	288.4
335.026000	298.6
335.477000	278.1
335.968000	285.8
336.322000	278.6
336.793000	270.5
337.344000	255.7
338.016000	241.9
338.902000	239.6
339.639000	234.2
341.667000	250.1
342.997000	200.7
344.511000	205.2
346.049000	204.8
347.107000	211.9
348.531000	220.3
350.629000	221.1
351.963000	216.2
353.182000	209.4
354.442000	209.2
357.133000	193.0
358.781000	186.1
360.663000	185.8
362.915000	201.2
365.331000	206.3
367.809000	201.9
369.285000	199.9
370.882000	214.7
372.515000	224.6
373.986000	229.6
377.751000	227.0
379.119000	240.0
380.582000	239.1
381.900000	246.8
383.367000	245.8
385.178000	258.1
385.950000	264.6
386.568000	259.2
388.425000	255.2
390.390000	250.1
392.321000	266.3
392.976000	259.5
394.003000	273.6
394.906000	260.7
398.277000	276.3
399.925000	277.1
400.709000	283.2
402.141000	283.1
402.860000	275.7
404.313000	276.5
405.063000	280.5
406.542000	279.6
407.282000	285.6
408.819000	284.5
409.600000	275.2
409.600000	274.2
410.454000	282.6
411.350000	283.5
413.259000	274.9
414.210000	264.9
415.183000	271.6
415.944000	276.4
416.424000	271.7
417.439000	273.4
417.957000	271.8
418.506000	274.6
419.578000	273.7
420.132000	271.2
420.701000	273.8
421.908000	268.6
422.533000	266.4
423.227000	270.6
424.517000	267.7
425.131000	268.3
425.758000	270.8
426.241000	270.0
426.628000	265.4
427.143000	255.3
427.944000	252.1
428.840000	248.2
429.182000	242.5
431.011000	219.7
432.175000	227.2
433.846000	211.5
434.366000	207.6
435.923000	209.8
437.502000	207.5
439.051000	200.3
440.660000	201.7
442.228000	201.3
443.842000	202.0
445.320000	199.1
447.222000	201.1
448.461000	203.5
449.569000	208.1
450.659000	201.7
451.744000	201.2
452.745000	204.9
453.787000	201.9
454.854000	198.4
456.000000	193.3
457.124000	192.5
457.766000	199.1
458.210000	204.3
458.794000	203.3
459.215000	208.3
460.249000	202.4
461.279000	195.5
462.413000	190.7
463.518000	194.4
464.606000	199.9
465.262000	205.2
465.599000	210.0
466.644000	208.1
467.686000	204.4
468.878000	203.4
470.043000	205.5
470.712000	206.5
471.209000	215.5
471.841000	218.7
472.279000	229.2
472.876000	232.7
473.213000	243.7
473.796000	243.9
474.083000	245.6
474.963000	241.2
475.930000	233.1
476.964000	232.8
477.936000	236.6
478.886000	239.1
479.409000	236.5
479.774000	231.3
480.327000	220.8
480.727000	218.8
481.660000	223.8
482.576000	223.4
483.390000	227.3
484.177000	231.4
484.931000	231.4
485.665000	231.2
486.400000	233.0
487.130000	232.9
487.850000	231.3
488.568000	237.1
489.307000	242.0
489.722000	240.9
490.023000	252.8
490.495000	249.3
490.736000	242.6
491.444000	243.3
492.148000	246.7
492.865000	243.7
493.592000	239.7
494.300000	239.1
495.021000	238.3
495.726000	238.5
496.443000	237.6
497.196000	236.4
497.963000	236.5
498.735000	232.8
499.519000	230.6
500.306000	230.8
501.079000	228.2
501.857000	230.8
502.641000	231.2
503.414000	232.0
504.171000	232.2
504.910000	234.1
505.692000	233.9
506.481000	235.5
507.313000	236.0
508.120000	238.2
508.940000	237.0
509.786000	240.3
510.654000	233.4
511.511000	236.4
512.366000	235.2
513.204000	242.0
514.030000	238.2
514.856000	239.2
515.653000	241.5
516.426000	243.0
517.157000	247.2
517.878000	246.2
518.603000	245.5
519.330000	245.3
520.073000	247.7
520.817000	245.5
521.576000	243.5
523.804000	241.9
524.577000	236.8
525.337000	235.8
526.109000	233.7
526.897000	230.3
527.696000	227.8
528.513000	224.7
529.408000	222.7
530.300000	221.2
531.221000	220.3
532.082000	220.7
532.607000	214.5
532.993000	211.4
533.558000	204.4
533.935000	200.0
534.666000	195.1
535.043000	193.8
535.705000	190.5
536.181000	199.8
537.339000	199.4
538.456000	205.0
539.513000	206.4
540.587000	212.9
541.653000	211.2
542.744000	205.0
543.851000	203.6
544.888000	208.1
545.863000	210.3
546.830000	209.6
547.804000	209.7
548.759000	204.6
549.726000	202.5
550.226000	208.8
550.581000	213.6
551.373000	215.2
552.098000	219.9
552.675000	221.7
553.018000	222.3
553.246000	226.3
553.614000	222.1
553.811000	220.3
554.484000	223.6
555.156000	224.3
555.849000	226.7
556.413000	233.9
556.926000	241.0
557.199000	243.0
557.394000	249.1
557.651000	244.0
557.834000	250.5
558.147000	245.6
558.304000	240.4
558.775000	238.1
559.314000	234.5
559.635000	229.7
559.870000	230.2
560.436000	230.3
560.964000	228.3
561.451000	231.6
561.890000	231.9
562.312000	234.6
562.655000	234.1
563.134000	240.1
563.537000	242.3
563.929000	245.7
564.311000	245.8
564.725000	247.6
565.135000	251.4
565.536000	252.4
565.893000	252.6
566.249000	251.4
566.588000	253.7
566.918000	254.3
567.240000	253.9
567.549000	254.5
567.886000	253.2
568.207000	253.9
568.536000	252.8
568.931000	253.0
569.316000	250.2
569.684000	251.3
570.067000	250.0
570.464000	251.3
570.862000	251.8
571.263000	251.8
571.632000	249.6
571.975000	251.6
572.314000	250.3
572.669000	246.3
573.055000	247.7
573.478000	249.2
573.916000	248.7
574.365000	251.8
574.807000	251.9
575.234000	252.1
575.652000	248.9
576.114000	252.5
576.596000	252.9
577.116000	251.3
577.655000	251.3
578.202000	251.1
578.756000	249.1
579.285000	252.9
579.836000	251.5
580.220000	244.1
580.406000	243.8
580.827000	236.2
581.128000	230.3
581.555000	225.2
581.917000	219.4
582.450000	215.4
582.844000	209.9
583.572000	206.7
583.992000	210.6
586.715000	224.0
587.162000	226.0
587.900000	234.4
588.297000	238.8
588.959000	246.3
589.428000	250.2
590.030000	248.1
590.488000	243.6
591.010000	237.4
592.383000	225.7
592.799000	229.4
593.582000	233.2
594.076000	238.1
594.874000	238.0
595.419000	232.9
596.222000	221.2
596.791000	216.4
597.794000	216.3
598.307000	219.0
599.227000	226.0
599.824000	229.4
601.257000	232.5
602.600000	237.9
603.947000	239.1
605.301000	244.5
606.622000	248.5
607.976000	254.6
609.263000	259.2
610.432000	257.7
611.607000	259.6
612.768000	258.0
613.947000	256.0
615.144000	252.5
616.354000	252.4
617.606000	252.3
618.956000	247.9
620.297000	245.4
621.647000	243.0
623.043000	238.6
624.540000	237.3
625.447000	234.3
626.110000	227.8
627.032000	214.9
627.854000	205.0
629.141000	198.7
629.861000	199.9
631.549000	199.5
632.358000	195.6
634.055000	192.1
635.016000	193.9
636.527000	193.0
637.702000	194.3
639.397000	187.7
640.329000	189.1
642.080000	190.2
642.856000	190.4
644.295000	194.1
645.126000	194.6
646.375000	188.6
647.268000	190.5
648.607000	192.1
649.193000	194.8
650.337000	187.8
650.933000	192.0
652.080000	185.8
652.702000	185.3
653.732000	191.3
654.444000	193.2
655.534000	198.4
656.134000	198.7
657.178000	191.3
657.699000	189.2
658.747000	182.4
659.419000	183.9
660.467000	186.6
661.228000	189.8
662.281000	187.8
662.868000	189.0
663.927000	189.1
664.386000	185.8
665.298000	178.2
665.810000	178.5
666.755000	172.7
667.405000	171.6
668.426000	175.6
668.917000	178.5
669.820000	185.5
670.296000	189.3
671.063000	192.6
671.451000	194.6
672.128000	192.5
672.750000	194.8
673.688000	198.7
674.231000	202.3
675.032000	209.2
675.422000	213.7
676.515000	220.0
677.145000	217.4
677.606000	214.0
678.340000	215.6
678.752000	217.4
679.463000	226.5
679.740000	230.0
680.305000	230.8
680.625000	230.3
681.206000	223.0
681.668000	225.0
682.342000	218.4
682.739000	216.2
683.453000	217.3
683.823000	219.7
684.426000	222.6
684.754000	221.3
685.295000	218.7
685.680000	217.5
686.268000	217.5
686.579000	219.4
687.152000	219.5
687.440000	219.7
687.999000	223.5
688.299000	224.4
688.811000	224.3
689.160000	227.3
689.690000	228.7
689.951000	228.8
690.475000	232.3
690.735000	233.0
691.217000	235.8
691.468000	234.9
691.969000	235.8
692.318000	239.9
692.831000	235.6
693.081000	234.8
693.574000	240.0
693.814000	234.0
694.282000	235.6
694.543000	236.6
694.948000	235.5
695.262000	235.9
695.732000	232.9
695.981000	234.8
696.436000	234.1
696.646000	234.1
697.088000	235.4
697.342000	234.4
697.750000	235.8
698.039000	236.9
698.505000	236.7
698.755000	237.6
699.219000	234.6
699.441000	234.8
699.867000	235.4
700.111000	232.9
700.488000	232.4
700.816000	232.2
701.268000	231.0
701.522000	228.0
701.994000	226.4
702.200000	227.7
702.735000	227.6
703.015000	226.0
703.477000	228.7
703.800000	227.6
704.252000	228.2
704.583000	228.8
705.060000	229.3
705.245000	230.3
705.733000	232.4
706.057000	232.8
706.499000	231.2
706.713000	231.2
707.312000	233.9
707.647000	228.5
708.201000	228.6
708.416000	228.1
710.987000	219.7
711.404000	220.2
712.026000	218.9
712.243000	218.7
713.315000	218.5
714.083000	222.3
714.409000	221.7
715.120000	217.7
715.573000	222.1
716.299000	208.1
716.604000	205.0
717.352000	192.9
717.962000	184.3
718.765000	187.8
719.285000	195.2
720.085000	206.3
720.567000	211.3
721.410000	213.4
721.703000	213.2
722.501000	210.3
722.990000	206.3
723.769000	206.6
724.134000	208.1
724.961000	204.5
725.471000	205.5
726.261000	205.1
726.578000	205.4
727.891000	204.0
728.588000	204.1
728.983000	204.9
729.839000	203.8
730.252000	205.9
730.915000	203.9
731.197000	204.4
731.863000	205.3
732.338000	207.4
732.994000	201.7
733.321000	201.3
734.031000	204.1
734.472000	209.7
735.158000	208.1
735.425000	211.3
736.118000	210.6
736.525000	206.5
737.269000	200.3
737.658000	197.8
738.579000	185.0
739.174000	178.9
740.098000	178.6
740.450000	176.6
741.323000	177.9
741.875000	182.3
742.641000	181.7
743.054000	180.4
743.959000	181.2
744.524000	182.0
745.670000	180.2
746.619000	183.1
747.182000	180.8
747.945000	180.8
748.341000	180.4
749.263000	181.4
749.815000	182.9
750.707000	184.8
751.035000	184.0
751.972000	186.2
752.564000	190.1
753.484000	188.0
753.919000	196.5
755.110000	191.5
755.582000	195.8
756.572000	200.5
756.863000	201.9
757.786000	206.0
758.375000	210.7
759.149000	215.0
759.577000	219.2
759.884000	215.3
760.103000	217.6
760.513000	217.9
760.933000	214.9
761.850000	208.8
762.155000	206.9
763.100000	206.1
763.771000	212.0
764.694000	216.0
765.193000	215.0
765.600000	225.7
765.875000	221.4
766.215000	224.1
766.816000	222.6
767.737000	216.8
768.102000	215.7
769.046000	213.5
769.638000	217.7
770.601000	222.4
771.035000	221.4
771.533000	228.1
771.819000	226.0
772.176000	231.5
772.481000	235.6
772.750000	238.2
773.005000	235.6
773.254000	237.7
773.679000	229.5
774.035000	230.9
774.951000	230.0
775.529000	233.3
776.330000	236.9
776.783000	240.5
777.682000	238.8
778.232000	243.9
779.057000	246.3
779.369000	246.1
780.191000	245.8
780.723000	243.9
781.562000	248.5
781.882000	242.8
782.728000	248.7
783.193000	246.2
784.253000	252.1
785.034000	246.9
785.517000	250.7
786.187000	253.3
786.567000	255.4
787.369000	260.3
787.817000	256.9
788.484000	248.1
788.698000	247.9
789.508000	229.5
789.958000	226.3
790.660000	218.2
791.063000	221.3
792.039000	215.4
792.631000	205.1
793.544000	204.0
793.859000	209.0
795.129000	199.4
795.692000	195.2
796.841000	189.3
797.375000	188.4
798.569000	191.0
