Depth ice/snow [m]	Age [ka BP]	δD [‰ SMOW]
0	-0.050000	-438.00
1	-0.032132	-438.00
2	-0.014263	-438.00
3	0.004153	-438.00
4	0.022569	-438.00
5	0.041625	-438.00
6	0.060680	-438.00
7	0.080356	-438.00
8	0.100031	-442.90
9	0.121087	-437.90
10	0.142142	-435.80
11	0.163679	-443.70
12	0.185215	-449.10
13	0.209831	-444.60
14	0.234447	-442.50
15	0.257932	-439.30
16	0.281418	-440.90
17	0.305991	-442.50
18	0.330564	-436.60
19	0.353223	-430.00
20	0.375882	-435.90
21	0.400344	-436.90
22	0.424806	-438.50
23	0.451826	-444.50
24	0.478845	-446.40
25	0.508957	-447.70
26	0.539069	-443.40
27	0.568212	-441.60
28	0.597354	-438.10
29	0.625775	-439.10
30	0.654195	-445.40
31	0.686693	-447.30
32	0.719191	-443.10
33	0.750081	-438.60
34	0.780971	-439.00
35	0.812605	-442.70
36	0.844240	-442.70
37	0.876591	-439.00
38	0.908941	-439.50
39	0.941434	-439.70
40	0.973927	-442.90
41	1.007490	-438.30
42	1.041060	-436.40
43	1.074780	-443.00
44	1.108510	-441.90
45	1.143320	-439.60
46	1.178130	-441.90
47	1.215280	-446.90
48	1.252430	-447.90
49	1.289980	-440.40
50	1.327520	-436.00
51	1.362180	-438.30
52	1.396850	-438.80
53	1.432640	-438.20
54	1.468440	-440.80
55	1.506690	-444.00
56	1.544950	-443.80
57	1.585070	-446.00
58	1.625200	-447.10
59	1.666020	-443.30
60	1.706840	-444.40
61	1.747950	-445.30
62	1.789070	-445.50
63	1.830550	-443.80
64	1.872030	-441.20
65	1.910960	-437.10
66	1.949900	-439.70
67	1.989820	-440.70
68	2.029740	-440.30
69	2.070370	-441.20
70	2.111000	-441.70
71	2.153170	-443.70
72	2.195340	-442.40
73	2.236250	-437.30
74	2.277160	-431.00
75	2.317010	-443.90
76	2.356860	-446.70
77	2.401320	-442.40
78	2.445790	-441.80
79	2.487350	-436.20
80	2.528910	-439.60
81	2.573090	-446.20
82	2.617260	-439.00
83	2.659280	-438.10
84	2.701310	-445.20
85	2.749170	-449.90
86	2.797040	-441.70
87	2.839410	-434.50
88	2.881780	-440.30
89	2.927560	-446.10
90	2.973340	-446.50
91	3.020260	-442.40
92	3.067180	-439.50
93	3.111880	-441.20
94	3.156570	-438.50
95	3.200050	-437.10
96	3.243530	-440.60
97	3.289340	-441.70
98	3.335150	-439.80
99	3.380120	-438.80
100	3.425080	-436.70
101	3.468800	-437.00
102	3.512530	-443.50
103	3.560630	-443.40
104	3.608720	-436.20
105	3.651920	-434.10
106	3.695120	-434.50
107	3.739130	-437.80
108	3.783150	-441.80
109	3.830570	-440.80
110	3.877990	-438.00
111	3.923960	-439.40
112	3.969940	-442.00
113	4.018370	-442.40
114	4.066800	-442.50
115	4.115930	-443.50
116	4.165070	-444.60
117	4.215280	-444.00
118	4.265480	-441.20
119	4.311630	-434.70
120	4.357770	-431.20
121	4.400090	-431.20
122	4.442410	-431.20
123	4.484850	-431.20
124	4.527290	-431.20
125	4.570290	-432.70
126	4.613280	-436.80
127	4.660340	-440.00
128	4.707390	-443.30
129	4.757210	-441.50
130	4.807040	-436.50
131	4.853620	-438.00
132	4.900210	-444.90
133	4.950990	-442.00
134	5.001780	-440.20
135	5.051080	-442.00
136	5.100380	-437.20
137	5.147150	-436.90
138	5.193920	-440.30
139	5.242540	-439.30
140	5.291160	-436.30
141	5.337970	-437.40
142	5.384790	-437.50
143	5.431280	-435.00
144	5.477770	-435.00
145	5.524130	-436.80
146	5.570490	-437.90
147	5.618090	-437.50
148	5.665690	-437.80
149	5.713600	-438.37
150	5.761520	-438.93
151	5.810240	-439.50
152	5.858960	-439.30
153	5.907090	-437.10
154	5.955220	-435.30
155	6.002660	-438.80
156	6.050100	-442.40
157	6.100110	-439.25
158	6.150120	-436.10
159	6.198020	-439.00
160	6.245910	-440.20
161	6.294640	-437.60
162	6.343380	-436.40
163	6.392210	-441.30
164	6.441040	-447.50
165	6.495090	-444.40
166	6.549130	-439.60
167	6.599440	-441.40
168	6.649750	-441.50
169	6.698810	-435.30
170	6.747860	-435.20
171	6.796380	-439.50
172	6.844890	-442.30
173	6.897940	-444.90
174	6.950980	-444.00
175	7.003220	-440.50
176	7.055460	-440.50
177	7.107610	-443.20
178	7.159750	-444.00
179	7.212320	-440.50
180	7.264900	-436.50
181	7.313820	-436.80
182	7.362730	-437.10
183	7.412450	-438.10
184	7.462160	-441.20
185	7.514020	-439.70
186	7.565870	-436.00
187	7.614940	-436.20
188	7.664000	-433.10
189	7.712220	-436.00
190	7.760440	-435.70
191	7.809710	-436.00
192	7.858990	-440.00
193	7.910930	-439.00
194	7.962880	-440.90
195	8.016050	-441.00
196	8.069230	-439.50
197	8.121160	-438.50
198	8.173090	-439.00
199	8.223170	-433.30
200	8.273260	-422.60
201	8.317570	-431.35
202	8.361880	-440.10
203	8.414840	-439.50
204	8.467790	-438.00
205	8.518840	-435.90
206	8.569880	-436.10
207	8.620960	-437.60
208	8.672040	-438.30
209	8.724300	-438.40
210	8.776550	-438.60
211	8.828700	-437.50
212	8.880840	-432.00
213	8.929350	-433.20
214	8.977850	-438.80
215	9.030080	-437.00
216	9.082300	-437.00
217	9.134670	-439.00
218	9.187030	-436.50
219	9.238230	-436.00
220	9.289420	-437.10
221	9.341060	-436.50
222	9.392700	-434.10
223	9.441720	-431.70
224	9.490750	-433.00
225	9.540730	-435.50
226	9.590720	-438.00
227	9.643100	-437.20
228	9.695490	-433.90
229	9.745320	-433.80
230	9.795150	-430.20
231	9.842430	-429.60
232	9.889710	-435.40
233	9.941420	-437.40
234	9.993120	-437.60
235	10.045500	-436.90
236	10.097900	-434.50
237	10.148300	-434.50
238	10.198800	-436.10
239	10.249700	-433.80
240	10.300500	-434.90
241	10.351600	-435.50
242	10.402600	-430.00
243	10.449800	-428.70
244	10.497100	-432.80
245	10.548900	-439.50
246	10.600800	-437.40
247	10.652400	-434.10
248	10.704100	-436.00
249	10.756000	-436.00
250	10.808000	-436.00
251	10.860200	-436.60
252	10.912400	-436.90
253	10.964600	-435.20
254	11.016700	-432.50
255	11.066800	-433.50
256	11.116900	-434.50
257	11.167200	-431.60
258	11.217400	-431.30
259	11.266700	-431.90
260	11.316000	-430.30
261	11.364400	-429.80
262	11.412800	-425.80
263	11.458400	-425.30
264	11.504000	-431.20
265	11.553900	-433.00
266	11.603800	-431.70
267	11.654400	-434.50
268	11.705000	-437.40
269	11.758900	-437.80
270	11.812800	-439.50
271	11.868200	-439.60
272	11.923600	-439.70
273	11.979700	-441.00
274	12.035800	-443.20
275	12.094600	-444.20
276	12.153500	-447.10
277	12.214500	-445.30
278	12.275500	-443.10
279	12.335700	-447.00
280	12.395800	-448.50
281	12.458100	-446.50
282	12.520500	-447.30
283	12.585000	-453.20
284	12.649600	-455.00
285	12.717900	-453.60
286	12.786300	-451.50
287	12.852600	-452.40
288	12.918800	-455.30
289	12.988500	-455.30
290	13.058200	-453.27
291	13.125300	-451.23
292	13.192300	-449.20
293	13.257300	-450.20
294	13.322400	-450.80
295	13.389200	-451.80
296	13.456000	-452.90
297	13.524400	-452.30
298	13.592900	-452.10
299	13.660400	-450.50
300	13.728000	-448.80
301	13.793600	-448.80
302	13.859200	-451.80
303	13.929700	-455.50
304	14.000300	-453.90
305	14.070100	-451.20
306	14.139900	-449.40
307	14.205900	-447.20
308	14.272000	-442.90
309	14.333000	-442.00
310	14.394100	-443.20
311	14.455500	-442.10
312	14.516800	-443.65
313	14.579900	-445.20
314	14.642900	-446.75
315	14.708800	-448.30
316	14.774800	-449.85
317	14.843700	-451.40
318	14.912700	-452.95
319	14.984700	-454.50
320	15.056700	-451.70
321	15.127100	-452.80
322	15.197600	-456.00
323	15.270500	-453.80
324	15.343500	-453.50
325	15.415700	-454.80
326	15.487900	-457.10
327	15.563700	-458.10
328	15.639500	-456.70
329	15.715000	-458.00
330	15.790500	-462.00
331	15.871300	-462.50
332	15.952200	-460.10
333	16.030000	-459.00
334	16.107800	-458.60
335	16.185900	-461.10
336	16.264000	-464.50
337	16.346900	-463.80
338	16.429900	-462.90
339	16.511800	-463.70
340	16.593700	-462.00
341	16.674200	-462.40
342	16.754700	-467.50
343	16.840600	-466.30
344	16.926500	-464.90
345	17.010900	-466.90
346	17.095300	-468.50
347	17.184100	-470.90
348	17.272900	-471.80
349	17.364200	-471.80
350	17.455500	-471.00
351	17.545500	-471.20
352	17.635600	-472.40
353	17.727800	-473.60
354	17.820000	-475.60
355	17.918900	-480.70
356	18.017800	-481.80
357	18.119600	-479.00
358	18.221300	-476.40
359	18.316700	-476.00
360	18.412100	-475.50
361	18.508900	-479.40
362	18.605600	-480.50
363	18.703800	-477.00
364	18.802100	-477.60
365	18.898600	-478.00
366	18.995100	-477.90
367	19.090900	-477.30
368	19.186800	-477.50
369	19.283900	-480.15
370	19.381000	-482.80
371	19.481300	-480.00
372	19.581600	-478.40
373	19.676500	-477.50
374	19.771500	-478.90
375	19.869500	-482.10
376	19.967500	-481.70
377	20.068100	-483.50
378	20.168700	-481.90
379	20.264100	-476.60
380	20.359500	-476.90
381	20.453400	-479.80
382	20.547300	-480.70
383	20.643100	-479.35
384	20.739000	-478.00
385	20.830700	-476.40
386	20.922500	-477.40
387	21.016100	-480.10
388	21.109800	-481.90
389	21.209000	-483.50
390	21.308300	-482.40
391	21.407700	-482.90
392	21.507100	-479.20
393	21.600600	-477.00
394	21.694100	-478.30
395	21.787100	-476.40
396	21.880100	-478.20
397	21.976000	-480.00
398	22.072000	-479.80
399	22.169300	-479.50
400	22.266600	-479.60
401	22.364100	-479.10
402	22.461600	-478.60
403	22.558900	-479.00
404	22.656200	-480.10
405	22.756000	-480.00
406	22.855700	-479.00
407	22.954500	-478.90
408	23.053300	-478.90
409	23.153100	-479.45
410	23.252900	-480.00
411	23.353000	-477.80
412	23.453200	-475.60
413	23.550600	-477.40
414	23.648100	-480.90
415	23.753400	-481.50
416	23.858600	-480.20
417	23.963400	-480.40
418	24.068300	-482.00
419	24.178800	-484.50
420	24.289300	-484.50
421	24.401200	-482.30
422	24.513100	-481.40
423	24.623300	-481.85
424	24.733500	-482.30
425	24.846000	-482.75
426	24.958600	-483.20
427	25.069800	-479.50
428	25.180900	-479.20
429	25.291600	-482.70
430	25.402300	-484.50
431	25.519300	-485.10
432	25.636300	-485.80
433	25.752000	-483.00
434	25.867800	-478.30
435	25.975200	-480.95
436	26.082700	-483.60
437	26.196000	-483.60
438	26.309200	-483.60
439	26.420900	-482.50
440	26.532600	-481.40
441	26.639900	-480.00
442	26.747200	-479.10
443	26.854900	-484.00
444	26.962700	-488.30
445	27.075900	-482.70
446	27.189200	-477.10
447	27.288700	-477.00
448	27.388200	-477.00
449	27.485800	-475.50
450	27.583500	-474.00
451	27.679800	-477.45
452	27.776100	-480.90
453	27.878500	-480.00
454	27.980900	-479.10
455	28.080100	-478.20
456	28.179200	-479.50
457	28.280500	-481.80
458	28.381800	-481.00
459	28.481000	-478.40
460	28.580100	-474.50
461	28.671100	-474.10
462	28.762200	-475.80
463	28.854600	-476.00
464	28.947100	-477.10
465	29.040500	-477.20
466	29.133900	-475.30
467	29.224600	-475.80
468	29.315400	-477.70
469	29.409500	-479.30
470	29.503700	-480.70
471	29.600600	-481.00
472	29.697600	-481.00
473	29.792900	-478.90
474	29.888200	-477.80
475	29.981700	-479.90
476	30.075200	-484.40
477	30.177800	-486.70
478	30.280400	-486.70
479	30.383400	-485.50
480	30.486400	-484.30
481	30.584200	-481.40
482	30.681900	-479.60
483	30.776600	-482.30
484	30.871200	-484.60
485	30.969900	-483.80
486	31.068500	-482.30
487	31.163200	-481.20
488	31.257900	-480.10
489	31.349000	-478.85
490	31.440100	-477.60
491	31.530800	-481.70
492	31.621600	-485.70
493	31.718500	-483.58
494	31.815400	-481.47
495	31.906100	-479.35
496	31.996700	-477.23
497	32.081500	-475.12
498	32.166200	-473.00
499	32.246800	-473.00
500	32.327300	-474.62
501	32.410100	-476.24
502	32.492900	-477.86
503	32.578900	-479.48
504	32.664900	-481.10
505	32.754200	-482.90
506	32.843600	-483.00
507	32.933200	-482.80
508	33.022800	-484.30
509	33.113000	-483.40
510	33.203100	-482.60
511	33.289700	-480.50
512	33.376300	-475.60
513	33.455100	-474.90
514	33.533900	-478.50
515	33.617000	-479.80
516	33.700100	-479.30
517	33.782600	-478.63
518	33.865200	-477.95
519	33.945800	-477.27
520	34.026500	-476.60
521	34.106700	-478.60
522	34.186900	-480.50
523	34.270400	-480.80
524	34.353800	-481.10
525	34.436800	-479.90
526	34.519700	-478.70
527	34.600700	-479.40
528	34.681700	-481.00
529	34.765600	-482.00
530	34.849600	-480.40
531	34.930500	-477.20
532	35.011500	-475.60
533	35.088000	-473.40
534	35.164400	-473.20
535	35.240000	-473.50
536	35.315500	-475.30
537	35.394300	-476.40
538	35.473000	-472.40
539	35.549800	-475.20
540	35.626600	-477.70
541	35.706400	-474.70
542	35.786300	-472.50
543	35.862500	-473.00
544	35.938800	-477.60
545	36.021000	-477.60
546	36.103200	-476.50
547	36.185700	-478.30
548	36.268200	-478.40
549	36.352600	-478.40
550	36.436900	-476.80
551	36.519100	-475.20
552	36.601200	-477.40
553	36.686100	-478.00
554	36.771000	-476.60
555	36.854600	-475.50
556	36.938300	-475.80
557	37.023100	-476.90
558	37.107900	-475.80
559	37.190300	-471.90
560	37.272800	-474.00
561	37.355700	-473.30
562	37.438600	-470.20
563	37.519300	-472.30
564	37.600000	-469.20
565	37.678700	-468.80
566	37.757400	-469.60
567	37.836400	-467.90
568	37.915300	-466.90
569	37.990800	-463.50
570	38.066300	-461.60
571	38.139100	-463.00
572	38.212000	-465.80
573	38.290600	-468.60
574	38.369300	-468.10
575	38.449100	-467.60
576	38.529000	-465.00
577	38.605700	-464.10
578	38.682400	-464.90
579	38.760600	-466.00
580	38.838800	-466.60
581	38.918000	-465.10
582	38.997300	-466.40
583	39.078200	-467.00
584	39.159000	-467.30
585	39.243000	-470.00
586	39.327000	-471.10
587	39.416100	-472.90
588	39.505100	-474.90
589	39.599600	-476.00
590	39.694100	-478.90
591	39.792500	-476.50
592	39.891000	-472.70
593	39.984400	-474.50
594	40.077800	-472.60
595	40.167700	-468.80
596	40.257700	-470.60
597	40.349000	-472.40
598	40.440300	-473.25
599	40.534700	-474.10
600	40.629100	-474.10
601	40.724600	-474.50
602	40.820000	-475.90
603	40.916300	-473.50
604	41.012500	-468.50
605	41.102400	-471.00
606	41.192400	-474.00
607	41.287100	-472.30
608	41.381900	-471.40
609	41.474100	-470.50
610	41.566400	-471.30
611	41.660400	-472.70
612	41.754500	-473.50
613	41.851600	-474.50
614	41.948800	-475.30
615	42.048400	-475.80
616	42.148000	-475.80
617	42.246900	-474.40
618	42.345800	-473.10
619	42.441500	-472.85
620	42.537100	-472.60
621	42.631500	-472.35
622	42.725900	-472.10
623	42.817800	-470.00
624	42.909700	-468.30
625	42.997500	-468.30
626	43.085200	-469.70
627	43.174300	-470.20
628	43.263400	-470.20
629	43.352100	-469.50
630	43.440800	-469.50
631	43.528000	-468.20
632	43.615300	-465.60
633	43.701200	-470.20
634	43.787200	-474.50
635	43.881500	-474.20
636	43.975800	-476.00
637	44.071600	-475.20
638	44.167500	-470.60
639	44.257200	-471.80
640	44.346800	-474.20
641	44.439000	-473.00
642	44.531100	-472.10
643	44.620800	-472.80
644	44.710500	-471.50
645	44.795200	-467.20
646	44.880000	-467.20
647	44.963500	-471.00
648	45.047000	-472.30
649	45.130900	-468.10
650	45.214800	-463.90
651	45.290300	-463.40
652	45.365900	-462.90
653	45.440000	-463.30
654	45.514200	-465.70
655	45.588100	-461.60
656	45.662100	-460.00
657	45.733300	-463.30
658	45.804600	-461.70
659	45.875000	-460.90
660	45.945500	-464.50
661	46.020000	-467.00
662	46.094500	-462.80
663	46.164600	-460.80
664	46.234600	-464.70
665	46.308400	-467.10
666	46.382200	-465.30
667	46.455200	-465.90
668	46.528100	-465.50
669	46.601300	-467.10
670	46.674500	-469.80
671	46.750300	-468.70
672	46.826000	-468.30
673	46.900400	-468.60
674	46.974700	-467.80
675	47.047100	-466.20
676	47.119400	-466.00
677	47.191900	-469.30
678	47.264300	-471.80
679	47.337400	-465.60
680	47.410400	-465.90
681	47.483800	-473.20
682	47.557200	-472.70
683	47.633100	-472.00
684	47.709100	-474.80
685	47.786900	-474.40
686	47.864800	-473.50
687	47.941900	-475.10
688	48.018900	-476.80
689	48.097100	-474.80
690	48.175200	-475.00
691	48.253900	-478.30
692	48.332500	-476.00
693	48.406700	-470.10
694	48.481000	-472.50
695	48.557100	-477.90
696	48.633300	-475.50
697	48.708300	-473.30
698	48.783200	-473.60
699	48.856900	-473.40
700	48.930600	-477.70
701	49.011100	-482.30
702	49.091600	-480.80
703	49.171900	-479.20
704	49.252100	-481.00
705	49.331300	-477.60
706	49.410500	-472.60
707	49.483400	-474.90
708	49.556400	-475.40
709	49.631000	-475.50
710	49.705700	-477.70
711	49.782700	-477.70
712	49.859700	-478.20
713	49.937400	-478.50
714	50.015100	-476.30
715	50.089300	-474.10
716	50.163500	-474.80
717	50.237500	-474.90
718	50.311400	-472.30
719	50.383400	-473.70
720	50.455400	-475.00
721	50.528800	-473.50
722	50.602100	-471.20
723	50.671300	-469.00
724	50.740400	-470.50
725	50.811600	-473.90
726	50.882800	-472.80
727	50.955300	-474.20
728	51.027900	-475.50
729	51.100500	-471.70
730	51.173100	-471.20
731	51.244600	-474.00
732	51.316200	-474.70
733	51.388700	-472.30
734	51.461200	-473.50
735	51.533100	-472.50
736	51.605100	-469.70
737	51.673800	-469.90
738	51.742600	-468.40
739	51.810100	-468.60
740	51.877600	-471.20
741	51.948000	-471.80
742	52.018400	-472.50
743	52.089600	-472.00
744	52.160800	-471.10
745	52.229500	-468.20
746	52.298100	-468.30
747	52.365700	-469.00
748	52.433400	-466.70
749	52.499200	-466.70
750	52.565100	-469.00
751	52.633300	-469.50
752	52.701600	-470.10
753	52.769900	-468.30
754	52.838200	-465.40
755	52.903700	-467.10
756	52.969100	-467.20
757	53.034400	-464.70
758	53.099600	-463.80
759	53.164000	-466.30
760	53.228500	-467.80
761	53.294500	-465.80
762	53.360600	-466.80
763	53.426700	-466.80
764	53.492700	-467.50
765	53.559200	-467.00
766	53.625700	-464.70
767	53.691300	-467.90
768	53.756800	-470.00
769	53.825500	-468.90
770	53.894100	-468.00
771	53.958900	-463.00
772	54.023800	-456.10
773	54.081900	-459.50
774	54.140000	-465.80
775	54.205700	-467.10
776	54.271400	-470.80
777	54.342500	-473.10
778	54.413500	-472.10
779	54.481700	-466.30
780	54.549900	-467.00
781	54.617300	-469.60
782	54.684600	-466.80
783	54.750500	-466.80
784	54.816400	-468.30
785	54.883800	-468.50
786	54.951200	-466.70
787	55.015500	-463.60
788	55.079800	-467.00
789	55.147400	-470.20
790	55.215000	-470.80
791	55.286200	-473.70
792	55.357400	-470.30
793	55.426500	-470.00
794	55.495700	-475.00
795	55.570700	-476.50
796	55.645600	-475.80
797	55.718400	-471.50
798	55.791300	-467.20
799	55.857500	-466.60
800	55.923700	-469.60
801	55.994500	-473.20
802	56.065200	-473.20
803	56.137600	-472.60
804	56.210100	-469.50
805	56.279800	-470.60
806	56.349500	-472.20
807	56.420400	-470.10
808	56.491300	-472.85
809	56.565600	-475.60
810	56.639900	-475.00
811	56.713300	-471.60
812	56.786800	-472.40
813	56.860300	-474.00
814	56.933900	-470.20
815	57.005000	-471.30
816	57.076200	-470.90
817	57.147900	-471.30
818	57.219700	-473.40
819	57.292700	-471.00
820	57.365700	-470.10
821	57.435000	-466.60
822	57.504300	-465.10
823	57.571500	-467.00
824	57.638700	-465.60
825	57.705000	-464.30
826	57.771400	-465.60
827	57.838800	-466.30
828	57.906200	-467.90
829	57.973900	-464.40
830	58.041700	-461.80
831	58.106300	-463.50
832	58.170900	-462.70
833	58.235000	-461.20
834	58.299100	-462.50
835	58.364300	-463.60
836	58.429500	-461.50
837	58.494300	-463.50
838	58.559100	-463.50
839	58.622900	-459.00
840	58.686600	-459.40
841	58.750000	-462.20
842	58.813500	-459.70
843	58.874000	-455.10
844	58.934600	-454.90
845	58.994300	-457.90
846	59.054100	-460.10
847	59.117600	-461.20
848	59.181100	-456.90
849	59.241500	-457.10
850	59.301800	-461.90
851	59.366500	-461.90
852	59.431200	-462.00
853	59.498500	-467.50
854	59.565800	-465.90
855	59.631800	-460.70
856	59.697800	-462.70
857	59.762300	-460.70
858	59.826800	-460.50
859	59.891000	-462.20
860	59.955300	-462.60
861	60.018700	-458.40
862	60.082100	-458.10
863	60.145400	-462.40
864	60.208600	-464.10
865	60.276800	-466.80
866	60.344900	-468.00
867	60.416200	-469.20
868	60.487500	-468.40
869	60.558300	-467.90
870	60.629200	-469.10
871	60.702200	-471.30
872	60.775200	-470.70
873	60.847300	-468.00
874	60.919500	-467.90
875	60.990700	-469.00
876	61.061900	-468.00
877	61.131700	-466.00
878	61.201400	-466.00
879	61.270200	-466.00
880	61.339000	-467.70
881	61.411500	-471.80
882	61.484100	-472.00
883	61.557800	-469.70
884	61.631500	-469.50
885	61.704000	-470.00
886	61.776600	-471.50
887	61.850500	-470.60
888	61.924500	-470.50
889	61.998600	-472.00
890	62.072800	-472.30
891	62.148200	-472.50
892	62.223600	-476.70
893	62.304400	-477.70
894	62.385300	-474.70
895	62.462600	-473.70
896	62.540000	-472.00
897	62.616100	-474.10
898	62.692200	-474.00
899	62.769800	-474.80
900	62.847400	-476.40
901	62.925800	-474.00
902	63.004300	-471.80
903	63.079400	-472.40
904	63.154500	-474.80
905	63.232900	-475.40
906	63.311400	-475.10
907	63.391300	-477.50
908	63.471200	-479.20
909	63.554500	-478.70
910	63.637700	-481.40
911	63.723900	-481.00
912	63.810100	-478.90
913	63.893100	-478.10
914	63.976100	-477.90
915	64.058400	-477.90
916	64.140700	-477.90
917	64.223100	-477.90
918	64.305500	-475.50
919	64.382800	-471.40
920	64.460200	-470.40
921	64.536100	-473.90
922	64.612000	-472.80
923	64.688000	-471.30
924	64.763900	-473.80
925	64.841900	-473.80
926	64.919900	-473.60
927	64.998300	-474.50
928	65.076700	-476.50
929	65.159700	-479.10
930	65.242600	-478.20
931	65.325700	-477.30
932	65.408700	-480.40
933	65.493400	-477.50
934	65.578100	-477.90
935	65.663500	-480.80
936	65.748900	-480.50
937	65.836800	-482.00
938	65.924800	-480.90
939	66.012300	-480.70
940	66.099900	-479.60
941	66.184200	-476.50
942	66.268500	-478.00
943	66.353700	-479.30
944	66.438900	-482.00
945	66.531300	-486.20
946	66.623600	-479.60
947	66.709100	-477.50
948	66.794500	-482.40
949	66.885400	-483.00
950	66.976300	-481.50
951	67.062900	-477.10
952	67.149500	-474.40
953	67.231000	-475.60
954	67.312600	-479.60
955	67.399900	-479.80
956	67.487300	-478.50
957	67.574000	-479.70
958	67.660700	-478.00
959	67.745400	-476.70
960	67.830100	-478.20
961	67.916600	-479.20
962	68.003100	-478.60
963	68.090800	-480.30
964	68.178400	-479.80
965	68.267300	-480.70
966	68.356200	-482.50
967	68.447900	-481.90
968	68.539500	-481.00
969	68.628500	-479.00
970	68.717400	-480.50
971	68.808900	-483.40
972	68.900500	-479.70
973	68.988200	-478.50
974	69.075900	-481.90
975	69.166700	-481.50
976	69.257500	-483.10
977	69.347500	-479.50
978	69.437400	-472.10
979	69.514000	-468.80
980	69.590700	-470.70
981	69.665800	-467.70
982	69.740800	-468.50
983	69.818000	-474.20
984	69.895200	-475.60
985	69.979400	-479.40
986	70.063600	-478.10
987	70.147100	-476.00
988	70.230600	-473.50
989	70.310400	-474.70
990	70.390200	-478.10
991	70.476200	-481.30
992	70.562300	-480.60
993	70.646500	-476.60
994	70.730700	-476.80
995	70.812800	-477.90
996	70.895000	-473.50
997	70.969400	-468.40
998	71.043800	-468.40
999	71.115200	-468.40
1000	71.186500	-468.40
1001	71.257400	-468.40
1002	71.328400	-468.70
1003	71.399300	-469.00
1004	71.470300	-470.10
1005	71.542400	-470.50
1006	71.614500	-467.20
1007	71.682400	-465.50
1008	71.750300	-462.20
1009	71.815900	-466.40
1010	71.881500	-465.80
1011	71.947200	-463.50
1012	72.012800	-466.80
1013	72.082500	-471.50
1014	72.152100	-468.00
1015	72.219900	-467.00
1016	72.287600	-468.90
1017	72.356700	-469.60
1018	72.425700	-469.70
1019	72.496300	-472.50
1020	72.566800	-474.00
1021	72.641000	-476.20
1022	72.715200	-473.20
1023	72.787800	-474.70
1024	72.860300	-470.70
1025	72.927200	-466.60
1026	72.994100	-469.50
1027	73.062100	-470.90
1028	73.130200	-472.80
1029	73.200900	-473.60
1030	73.271600	-477.60
1031	73.349000	-481.90
1032	73.426300	-476.80
1033	73.497500	-471.60
1034	73.568700	-474.70
1035	73.641900	-477.80
1036	73.715100	-476.20
1037	73.787000	-473.80
1038	73.858900	-474.50
1039	73.932300	-478.20
1040	74.005700	-473.00
1041	74.074600	-470.60
1042	74.143600	-468.90
1043	74.207500	-463.60
1044	74.271400	-471.40
1045	74.343100	-476.80
1046	74.414800	-470.50
1047	74.483200	-470.40
1048	74.551600	-469.40
1049	74.619100	-469.00
1050	74.686600	-467.80
1051	74.753900	-469.70
1052	74.821200	-467.90
1053	74.887100	-466.10
1054	74.953000	-467.30
1055	75.019600	-467.90
1056	75.086200	-466.20
1057	75.150500	-463.40
1058	75.214700	-462.60
1059	75.276900	-461.80
1060	75.339000	-461.60
1061	75.403500	-468.00
1062	75.468100	-465.50
1063	75.533000	-464.50
1064	75.598000	-466.90
1065	75.662600	-461.70
1066	75.727100	-459.80
1067	75.789800	-464.30
1068	75.852500	-466.00
1069	75.919300	-466.50
1070	75.986000	-466.90
1071	76.052800	-465.10
1072	76.119600	-463.60
1073	76.185600	-466.10
1074	76.251600	-468.60
1075	76.321400	-468.40
1076	76.391200	-468.10
1077	76.462500	-471.00
1078	76.533700	-473.60
1079	76.611000	-475.90
1080	76.688200	-478.50
1081	76.768400	-475.20
1082	76.848600	-470.50
1083	76.922100	-470.20
1084	76.995700	-470.50
1085	77.071900	-474.40
1086	77.148100	-474.80
1087	77.227700	-475.40
1088	77.307300	-479.40
1089	77.387800	-472.00
1090	77.468300	-458.50
1091	77.536700	-469.90
1092	77.605200	-476.40
1093	77.684800	-472.40
1094	77.764400	-473.60
1095	77.842400	-472.00
1096	77.920400	-470.30
1097	77.996100	-470.90
1098	78.071800	-473.10
1099	78.149100	-471.10
1100	78.226500	-464.40
1101	78.295800	-464.40
1102	78.365000	-465.60
1103	78.434800	-464.20
1104	78.504600	-461.60
1105	78.574300	-468.20
1106	78.644000	-468.60
1107	78.716800	-467.00
1108	78.789500	-465.20
1109	78.860800	-467.30
1110	78.932000	-468.10
1111	79.003800	-465.30
1112	79.075600	-457.50
1113	79.142300	-464.80
1114	79.208900	-473.90
1115	79.288400	-472.30
1116	79.368000	-474.00
1117	79.445500	-468.10
1118	79.523100	-462.30
1119	79.591300	-461.10
1120	79.659500	-462.00
1121	79.729100	-464.10
1122	79.798800	-464.10
1123	79.868800	-462.60
1124	79.938800	-463.60
1125	80.009700	-465.20
1126	80.080700	-466.80
1127	80.150300	-459.80
1128	80.219900	-455.30
1129	80.283400	-458.80
1130	80.347000	-462.30
1131	80.413700	-458.90
1132	80.480400	-455.50
1133	80.543700	-458.30
1134	80.607000	-458.30
1135	80.671600	-458.40
1136	80.736300	-458.00
1137	80.800500	-457.90
1138	80.864800	-458.50
1139	80.928500	-456.40
1140	80.992200	-456.90
1141	81.053900	-453.60
1142	81.115700	-450.70
1143	81.176300	-457.40
1144	81.236900	-464.60
1145	81.306400	-463.00
1146	81.375900	-461.30
1147	81.443400	-462.60
1148	81.511000	-463.90
1149	81.579000	-461.00
1150	81.646900	-458.00
1151	81.708800	-453.90
1152	81.770700	-449.80
1153	81.828700	-453.10
1154	81.886700	-450.70
1155	81.946200	-456.00
1156	82.005600	-458.70
1157	82.069500	-458.80
1158	82.133500	-458.80
1159	82.196600	-457.30
1160	82.259700	-456.80
1161	82.320700	-454.70
1162	82.381600	-461.40
1163	82.445400	-457.30
1164	82.509300	-454.40
1165	82.568600	-454.20
1166	82.628000	-456.20
1167	82.690800	-460.90
1168	82.753500	-462.80
1169	82.818900	-460.50
1170	82.884200	-458.30
1171	82.946400	-458.30
1172	83.008600	-458.30
1173	83.070800	-458.80
1174	83.133000	-457.30
1175	83.190800	-449.80
1176	83.248600	-444.40
1177	83.301600	-450.50
1178	83.354600	-452.70
1179	83.412500	-455.10
1180	83.470300	-455.40
1181	83.528800	-454.20
1182	83.587300	-451.90
1183	83.642600	-450.20
1184	83.697900	-449.20
1185	83.752700	-451.80
1186	83.807400	-453.00
1187	83.864100	-453.60
1188	83.920900	-450.30
1189	83.975000	-450.00
1190	84.029200	-448.90
1191	84.082000	-448.10
1192	84.134900	-450.30
1193	84.189600	-452.00
1194	84.244300	-455.20
1195	84.301900	-454.50
1196	84.359500	-455.10
1197	84.417200	-455.00
1198	84.474800	-454.20
1199	84.531800	-454.20
1200	84.588700	-454.20
1201	84.646100	-455.70
1202	84.703600	-456.50
1203	84.762000	-455.80
1204	84.820500	-456.60
1205	84.879700	-457.40
1206	84.938800	-460.00
1207	85.002000	-463.20
1208	85.065100	-457.90
1209	85.125900	-460.10
1210	85.186800	-458.80
1211	85.247500	-458.70
1212	85.308200	-459.00
1213	85.369800	-460.40
1214	85.431400	-460.90
1215	85.494000	-460.30
1216	85.556600	-457.10
1217	85.615300	-454.70
1218	85.674100	-458.90
1219	85.737300	-463.00
1220	85.800500	-460.10
1221	85.861800	-456.80
1222	85.923000	-461.30
1223	85.986200	-459.70
1224	86.049400	-458.80
1225	86.111500	-459.30
1226	86.173600	-460.70
1227	86.237300	-460.70
1228	86.301000	-462.90
1229	86.367900	-465.00
1230	86.434900	-465.00
1231	86.503100	-465.00
1232	86.571400	-465.00
1233	86.640000	-465.00
1234	86.708700	-464.80
1235	86.777400	-464.60
1236	86.846200	-464.90
1237	86.915200	-464.10
1238	86.984100	-463.70
1239	87.050500	-459.10
1240	87.116900	-459.20
1241	87.181900	-459.30
1242	87.246800	-462.60
1243	87.316300	-464.20
1244	87.385700	-466.80
1245	87.460400	-469.40
1246	87.535100	-466.20
1247	87.606700	-463.00
1248	87.678400	-465.50
1249	87.752600	-467.50
1250	87.826800	-467.50
1251	87.902600	-467.50
1252	87.978300	-465.40
1253	88.051200	-463.20
1254	88.124100	-468.80
1255	88.206300	-475.30
1256	88.288400	-470.90
1257	88.367800	-467.30
1258	88.447200	-468.80
1259	88.527200	-469.70
1260	88.607200	-470.00
1261	88.686600	-466.50
1262	88.765900	-466.10
1263	88.840000	-460.40
1264	88.914200	-465.50
1265	88.990400	-464.30
1266	89.066600	-465.70
1267	89.143800	-465.60
1268	89.221000	-466.80
1269	89.299900	-467.00
1270	89.378700	-470.10
1271	89.461700	-470.70
1272	89.544700	-464.20
1273	89.616900	-457.00
1274	89.689200	-457.50
1275	89.759900	-460.20
1276	89.830600	-460.70
1277	89.902600	-459.10
1278	89.974700	-463.70
1279	90.051600	-465.20
1280	90.128600	-463.60
1281	90.205800	-465.10
1282	90.283000	-466.70
1283	90.361900	-464.40
1284	90.440700	-463.40
1285	90.515700	-460.10
1286	90.590600	-460.90
1287	90.667500	-465.80
1288	90.744400	-464.80
1289	90.825400	-468.90
1290	90.906400	-463.70
1291	90.979800	-456.10
1292	91.053200	-461.90
1293	91.129400	-463.00
1294	91.205600	-460.60
1295	91.280200	-461.10
1296	91.354700	-464.00
1297	91.434400	-467.20
1298	91.514100	-464.50
1299	91.591800	-463.20
1300	91.669600	-464.50
1301	91.747100	-463.00
1302	91.824700	-465.90
1303	91.906700	-470.10
1304	91.988700	-464.50
1305	92.064900	-462.00
1306	92.141200	-457.10
1307	92.210300	-456.00
1308	92.279400	-457.10
1309	92.348300	-455.90
1310	92.417200	-459.70
1311	92.492400	-466.30
1312	92.567500	-466.30
1313	92.645800	-465.50
1314	92.724000	-461.20
1315	92.795600	-458.40
1316	92.867200	-457.50
1317	92.938200	-461.40
1318	93.009300	-462.60
1319	93.083700	-463.20
1320	93.158200	-460.80
1321	93.229700	-459.70
1322	93.301300	-459.30
1323	93.372200	-460.30
1324	93.443100	-462.90
1325	93.518100	-465.20
1326	93.593200	-466.00
1327	93.666000	-458.40
1328	93.738800	-456.90
1329	93.807700	-459.90
1330	93.876600	-460.60
1331	93.947400	-460.60
1332	94.018300	-460.60
1333	94.088500	-459.70
1334	94.158700	-458.80
1335	94.227500	-458.80
1336	94.296300	-458.80
1337	94.365800	-460.60
1338	94.435300	-462.40
1339	94.506500	-460.30
1340	94.577600	-457.60
1341	94.645100	-457.60
1342	94.712500	-459.40
1343	94.781900	-459.80
1344	94.851300	-462.00
1345	94.923500	-462.70
1346	94.995600	-462.30
1347	95.068000	-462.70
1348	95.140400	-459.90
1349	95.211300	-461.80
1350	95.282300	-463.70
1351	95.356500	-463.70
1352	95.430700	-463.70
1353	95.505000	-463.10
1354	95.579200	-468.10
1355	95.657800	-466.00
1356	95.736300	-462.70
1357	95.811300	-464.00
1358	95.886200	-469.40
1359	95.966500	-466.50
1360	96.046900	-465.90
1361	96.122700	-461.30
1362	96.198600	-456.70
1363	96.270000	-461.20
1364	96.341400	-462.00
1365	96.418100	-465.50
1366	96.494700	-468.90
1367	96.575800	-465.80
1368	96.656900	-462.80
1369	96.733700	-463.60
1370	96.810500	-465.60
1371	96.887300	-460.10
1372	96.964100	-457.50
1373	97.035900	-457.50
1374	97.107600	-457.50
1375	97.181700	-461.20
1376	97.255900	-465.00
1377	97.335600	-462.80
1378	97.415400	-463.80
1379	97.493800	-460.40
1380	97.572200	-459.20
1381	97.649300	-461.40
1382	97.726400	-463.90
1383	97.807400	-462.50
1384	97.888400	-461.10
1385	97.967600	-460.80
1386	98.046700	-460.50
1387	98.126100	-460.40
1388	98.205500	-460.00
1389	98.285200	-459.80
1390	98.364900	-460.80
1391	98.445900	-459.60
1392	98.526800	-457.20
1393	98.605200	-457.20
1394	98.683600	-457.20
1395	98.762800	-456.90
1396	98.841900	-458.10
1397	98.923500	-459.20
1398	99.005200	-460.70
1399	99.088200	-457.70
1400	99.171300	-454.80
1401	99.250100	-454.80
1402	99.329000	-456.50
1403	99.411300	-458.20
1404	99.493700	-458.20
1405	99.577400	-457.80
1406	99.661100	-457.30
1407	99.744300	-456.60
1408	99.827400	-457.90
1409	99.911700	-457.20
1410	99.996000	-456.50
1411	100.079000	-455.80
1412	100.162000	-455.10
1413	100.245000	-455.10
1414	100.327000	-453.90
1415	100.408000	-452.60
1416	100.488000	-452.00
1417	100.567000	-451.40
1418	100.647000	-453.70
1419	100.728000	-452.80
1420	100.809000	-449.50
1421	100.886000	-450.10
1422	100.964000	-450.80
1423	101.042000	-450.00
1424	101.121000	-449.20
1425	101.198000	-448.40
1426	101.275000	-447.60
1427	101.352000	-450.30
1428	101.429000	-452.90
1429	101.509000	-451.50
1430	101.590000	-450.20
1431	101.667000	-449.20
1432	101.744000	-448.30
1433	101.820000	-450.50
1434	101.897000	-452.70
1435	101.979000	-454.10
1436	102.060000	-455.50
1437	102.142000	-452.50
1438	102.224000	-449.50
1439	102.303000	-453.10
1440	102.382000	-456.80
1441	102.465000	-454.00
1442	102.548000	-451.10
1443	102.628000	-454.60
1444	102.708000	-458.10
1445	102.794000	-457.40
1446	102.879000	-456.70
1447	102.964000	-459.60
1448	103.049000	-462.50
1449	103.139000	-462.10
1450	103.229000	-461.80
1451	103.317000	-461.80
1452	103.406000	-462.30
1453	103.494000	-462.00
1454	103.583000	-461.10
1455	103.670000	-460.70
1456	103.756000	-460.20
1457	103.841000	-459.90
1458	103.926000	-459.50
1459	104.010000	-460.50
1460	104.094000	-461.60
1461	104.179000	-461.40
1462	104.264000	-461.10
1463	104.348000	-461.10
1464	104.432000	-461.10
1465	104.514000	-460.60
1466	104.597000	-460.10
1467	104.678000	-460.10
1468	104.758000	-462.20
1469	104.842000	-464.20
1470	104.925000	-463.00
1471	105.007000	-461.90
1472	105.089000	-460.70
1473	105.168000	-459.60
1474	105.246000	-460.20
1475	105.324000	-460.70
1476	105.402000	-462.00
1477	105.482000	-463.20
1478	105.562000	-460.90
1479	105.638000	-458.50
1480	105.714000	-458.50
1481	105.788000	-458.50
1482	105.863000	-457.90
1483	105.936000	-457.20
1484	106.008000	-454.20
1485	106.076000	-451.20
1486	106.143000	-455.20
1487	106.215000	-459.10
1488	106.286000	-460.50
1489	106.362000	-461.90
1490	106.437000	-460.60
1491	106.510000	-459.30
1492	106.584000	-461.00
1493	106.659000	-462.70
1494	106.734000	-464.10
1495	106.812000	-465.50
1496	106.890000	-463.50
1497	106.965000	-461.50
1498	107.039000	-461.50
1499	107.112000	-461.50
1500	107.185000	-464.40
1501	107.262000	-467.30
1502	107.338000	-470.70
1503	107.421000	-474.10
1504	107.504000	-474.10
1505	107.588000	-474.10
1506	107.672000	-474.10
1507	107.756000	-475.30
1508	107.839000	-476.40
1509	107.924000	-476.70
1510	108.009000	-477.00
1511	108.095000	-477.00
1512	108.180000	-476.30
1513	108.264000	-475.60
1514	108.348000	-475.60
1515	108.431000	-475.20
1516	108.515000	-474.80
1517	108.597000	-474.00
1518	108.680000	-473.10
1519	108.761000	-473.10
1520	108.842000	-473.10
1521	108.923000	-473.10
1522	109.004000	-473.10
1523	109.086000	-474.70
1524	109.168000	-476.40
1525	109.253000	-476.40
1526	109.338000	-474.20
1527	109.420000	-472.10
1528	109.501000	-472.10
1529	109.581000	-472.10
1530	109.661000	-472.80
1531	109.743000	-473.40
1532	109.824000	-470.90
1533	109.902000	-468.40
1534	109.980000	-468.80
1535	110.058000	-469.10
1536	110.136000	-469.10
1537	110.214000	-469.10
1538	110.292000	-469.10
1539	110.370000	-469.10
1540	110.447000	-469.10
1541	110.525000	-469.10
1542	110.603000	-469.10
1543	110.683000	-471.70
1544	110.762000	-474.20
1545	110.845000	-473.20
1546	110.928000	-472.20
1547	111.008000	-471.00
1548	111.089000	-469.80
1549	111.167000	-469.80
1550	111.246000	-469.80
1551	111.324000	-469.80
1552	111.403000	-469.80
1553	111.482000	-469.80
1554	111.560000	-469.80
1555	111.640000	-471.90
1556	111.720000	-474.00
1557	111.803000	-474.00
1558	111.887000	-472.70
1559	111.968000	-471.40
1560	112.049000	-471.40
1561	112.130000	-471.40
1562	112.210000	-471.40
1563	112.291000	-471.40
1564	112.371000	-471.40
1565	112.452000	-470.70
1566	112.532000	-470.00
1567	112.612000	-469.80
1568	112.691000	-471.00
1569	112.773000	-472.20
1570	112.855000	-471.40
1571	112.938000	-470.60
1572	113.020000	-468.20
1573	113.098000	-465.70
1574	113.176000	-465.70
1575	113.253000	-465.00
1576	113.330000	-464.90
1577	113.408000	-465.20
1578	113.486000	-465.50
1579	113.566000	-467.50
1580	113.646000	-469.60
1581	113.729000	-466.50
1582	113.812000	-463.30
1583	113.890000	-463.30
1584	113.968000	-462.60
1585	114.046000	-461.90
1586	114.124000	-462.10
1587	114.202000	-462.30
1588	114.281000	-461.80
1589	114.359000	-461.40
1590	114.437000	-463.50
1591	114.520000	-465.70
1592	114.602000	-464.70
1593	114.685000	-463.60
1594	114.767000	-462.00
1595	114.847000	-460.40
1596	114.927000	-458.50
1597	115.004000	-456.70
1598	115.080000	-459.40
1599	115.160000	-462.00
1600	115.241000	-456.50
1601	115.314000	-450.90
1602	115.387000	-450.90
1603	115.458000	-450.90
1604	115.529000	-450.90
1605	115.600000	-450.90
1606	115.671000	-450.90
1607	115.743000	-451.50
1608	115.815000	-452.00
1609	115.889000	-454.80
1610	115.963000	-457.60
1611	116.041000	-456.20
1612	116.119000	-454.70
1613	116.194000	-454.00
1614	116.270000	-453.40
1615	116.344000	-453.50
1616	116.419000	-453.20
1617	116.493000	-452.80
1618	116.567000	-452.50
1619	116.641000	-452.30
1620	116.714000	-452.30
1621	116.788000	-452.30
1622	116.861000	-451.50
1623	116.933000	-450.80
1624	117.005000	-449.00
1625	117.074000	-447.30
1626	117.143000	-446.10
1627	117.209000	-445.00
1628	117.276000	-445.00
1629	117.342000	-446.20
1630	117.408000	-447.40
1631	117.475000	-446.00
1632	117.542000	-444.60
1633	117.607000	-446.50
1634	117.673000	-448.50
1635	117.740000	-445.50
1636	117.806000	-442.40
1637	117.869000	-444.10
1638	117.932000	-445.80
1639	117.997000	-446.60
1640	118.063000	-447.70
1641	118.129000	-447.90
1642	118.195000	-447.30
1643	118.260000	-446.60
1644	118.325000	-444.50
1645	118.387000	-442.30
1646	118.448000	-442.30
1647	118.508000	-442.30
1648	118.568000	-443.90
1649	118.630000	-445.50
1650	118.691000	-445.50
1651	118.752000	-443.50
1652	118.813000	-441.60
1653	118.870000	-440.20
1654	118.928000	-438.70
1655	118.985000	-443.10
1656	119.042000	-447.50
1657	119.103000	-445.70
1658	119.165000	-443.90
1659	119.223000	-443.90
1660	119.282000	-442.00
1661	119.338000	-440.00
1662	119.394000	-442.70
1663	119.452000	-445.40
1664	119.510000	-445.40
1665	119.569000	-445.00
1666	119.627000	-444.70
1667	119.684000	-443.50
1668	119.742000	-443.60
1669	119.799000	-445.00
1670	119.856000	-443.10
1671	119.911000	-441.20
1672	119.967000	-443.60
1673	120.024000	-446.00
1674	120.081000	-446.00
1675	120.139000	-444.20
1676	120.196000	-442.40
1677	120.252000	-443.70
1678	120.307000	-445.00
1679	120.363000	-443.80
1680	120.420000	-442.50
1681	120.475000	-442.50
1682	120.530000	-442.50
1683	120.585000	-441.10
1684	120.639000	-439.80
1685	120.692000	-438.20
1686	120.745000	-436.60
1687	120.796000	-437.30
1688	120.848000	-438.00
1689	120.900000	-438.90
1690	120.953000	-440.40
1691	121.007000	-441.00
1692	121.062000	-441.00
1693	121.117000	-442.00
1694	121.172000	-443.10
1695	121.228000	-443.10
1696	121.285000	-440.40
1697	121.339000	-437.60
1698	121.393000	-439.50
1699	121.448000	-441.50
1700	121.503000	-441.50
1701	121.558000	-441.40
1702	121.614000	-441.30
1703	121.670000	-441.30
1704	121.726000	-439.60
1705	121.781000	-437.90
1706	121.835000	-437.90
1707	121.888000	-436.10
1708	121.942000	-434.30
1709	121.993000	-434.30
1710	122.045000	-437.20
1711	122.100000	-440.10
1712	122.154000	-438.00
1713	122.208000	-436.00
1714	122.262000	-435.50
1715	122.315000	-435.00
1716	122.367000	-436.10
1717	122.421000	-437.30
1718	122.475000	-437.30
1719	122.530000	-436.50
1720	122.585000	-435.80
1721	122.639000	-437.10
1722	122.694000	-438.50
1723	122.751000	-440.60
1724	122.809000	-442.80
1725	122.868000	-440.10
1726	122.927000	-438.90
1727	122.985000	-440.30
1728	123.043000	-440.90
1729	123.103000	-441.50
1730	123.163000	-439.90
1731	123.221000	-438.20
1732	123.280000	-435.30
1733	123.334000	-432.40
1734	123.389000	-434.80
1735	123.445000	-437.30
1736	123.502000	-437.00
1737	123.559000	-436.60
1738	123.617000	-437.20
1739	123.675000	-437.80
1740	123.733000	-436.10
1741	123.790000	-434.50
1742	123.847000	-434.50
1743	123.904000	-435.10
1744	123.961000	-435.80
1745	124.019000	-436.50
1746	124.077000	-432.50
1747	124.133000	-431.50
1748	124.188000	-435.40
1749	124.247000	-435.40
1750	124.305000	-435.40
1751	124.364000	-436.00
1752	124.422000	-436.60
1753	124.481000	-436.00
1754	124.541000	-435.50
1755	124.599000	-435.30
1756	124.658000	-435.10
1757	124.716000	-435.30
1758	124.775000	-435.40
1759	124.833000	-435.40
1760	124.892000	-435.10
1761	124.952000	-437.40
1762	125.012000	-439.90
1763	125.075000	-438.80
1764	125.137000	-437.60
1765	125.198000	-436.20
1766	125.259000	-434.90
1767	125.318000	-433.30
1768	125.377000	-431.70
1769	125.435000	-433.50
1770	125.493000	-435.40
1771	125.552000	-434.10
1772	125.612000	-432.90
1773	125.671000	-432.60
1774	125.729000	-432.40
1775	125.788000	-434.50
1776	125.847000	-436.50
1777	125.908000	-436.40
1778	125.970000	-435.90
1779	126.031000	-435.40
1780	126.091000	-435.80
1781	126.152000	-436.30
1782	126.214000	-436.80
1783	126.276000	-437.40
1784	126.338000	-438.10
1785	126.400000	-435.90
1786	126.462000	-432.90
1787	126.521000	-433.10
1788	126.580000	-433.30
1789	126.640000	-433.50
1790	126.700000	-433.70
1791	126.759000	-431.50
1792	126.818000	-429.30
1793	126.875000	-427.30
1794	126.931000	-423.80
1795	126.984000	-422.30
1796	127.037000	-426.30
1797	127.093000	-430.20
1798	127.150000	-428.20
1799	127.206000	-426.10
1800	127.262000	-426.10
1801	127.317000	-426.10
1802	127.372000	-426.10
1803	127.427000	-425.50
1804	127.482000	-424.90
1805	127.535000	-424.20
1806	127.589000	-423.50
1807	127.642000	-423.40
1808	127.695000	-423.20
1809	127.747000	-423.70
1810	127.800000	-424.10
1811	127.853000	-423.30
1812	127.905000	-422.50
1813	127.957000	-423.30
1814	128.010000	-424.10
1815	128.062000	-422.70
1816	128.114000	-421.70
1817	128.166000	-422.10
1818	128.217000	-424.00
1819	128.270000	-424.50
1820	128.323000	-423.20
1821	128.375000	-421.70
1822	128.426000	-420.20
1823	128.477000	-420.20
1824	128.527000	-420.20
1825	128.577000	-421.20
1826	128.628000	-419.40
1827	128.677000	-416.60
1828	128.726000	-416.90
1829	128.774000	-417.20
1830	128.822000	-417.20
1831	128.871000	-419.10
1832	128.920000	-421.00
1833	128.971000	-422.40
1834	129.022000	-423.70
1835	129.074000	-421.80
1836	129.126000	-419.90
1837	129.177000	-421.20
1838	129.227000	-422.50
1839	129.280000	-423.90
1840	129.332000	-425.30
1841	129.386000	-425.30
1842	129.440000	-425.30
1843	129.493000	-422.50
1844	129.546000	-419.80
1845	129.596000	-418.00
1846	129.645000	-416.30
1847	129.694000	-419.60
1848	129.743000	-428.70
1849	129.802000	-434.50
1850	129.861000	-429.10
1851	129.916000	-423.80
1852	129.971000	-421.50
1853	130.022000	-419.10
1854	130.073000	-420.20
1855	130.124000	-421.40
1856	130.176000	-422.10
1857	130.229000	-423.70
1858	130.282000	-424.60
1859	130.336000	-422.50
1860	130.390000	-420.30
1861	130.441000	-420.30
1862	130.493000	-423.50
1863	130.549000	-426.70
1864	130.604000	-425.40
1865	130.660000	-425.50
1866	130.716000	-426.90
1867	130.773000	-427.00
1868	130.830000	-427.20
1869	130.888000	-428.00
1870	130.946000	-428.90
1871	131.005000	-429.50
1872	131.064000	-431.10
1873	131.125000	-432.20
1874	131.186000	-432.90
1875	131.248000	-433.50
1876	131.310000	-433.60
1877	131.372000	-433.70
1878	131.435000	-435.00
1879	131.498000	-432.70
1880	131.561000	-429.20
1881	131.622000	-433.10
1882	131.682000	-437.00
1883	131.750000	-439.40
1884	131.817000	-441.80
1885	131.888000	-440.50
1886	131.958000	-439.20
1887	132.027000	-439.00
1888	132.096000	-438.80
1889	132.167000	-441.30
1890	132.237000	-443.80
1891	132.312000	-443.50
1892	132.386000	-445.00
1893	132.464000	-446.80
1894	132.541000	-446.80
1895	132.619000	-445.70
1896	132.697000	-444.60
1897	132.774000	-444.70
1898	132.851000	-445.20
1899	132.930000	-445.50
1900	133.008000	-445.50
1901	133.086000	-445.50
1902	133.165000	-446.60
1903	133.247000	-449.00
1904	133.329000	-450.20
1905	133.414000	-451.70
1906	133.500000	-453.10
1907	133.588000	-452.20
1908	133.676000	-451.30
1909	133.764000	-452.50
1910	133.851000	-453.70
1911	133.940000	-451.60
1912	134.028000	-449.50
1913	134.113000	-449.50
1914	134.198000	-453.00
1915	134.289000	-456.60
1916	134.380000	-456.90
1917	134.474000	-457.00
1918	134.569000	-459.50
1919	134.668000	-461.90
1920	134.767000	-462.60
1921	134.871000	-464.70
1922	134.974000	-465.80
1923	135.082000	-466.80
1924	135.190000	-464.80
1925	135.295000	-464.70
1926	135.400000	-468.60
1927	135.513000	-472.10
1928	135.626000	-471.70
1929	135.741000	-471.60
1930	135.855000	-473.40
1931	135.973000	-473.90
1932	136.090000	-475.20
1933	136.208000	-474.10
1934	136.325000	-471.30
1935	136.437000	-471.80
1936	136.549000	-473.10
1937	136.664000	-474.30
1938	136.778000	-474.20
1939	136.892000	-473.20
1940	137.006000	-475.40
1941	137.123000	-477.20
1942	137.240000	-475.00
1943	137.354000	-474.70
1944	137.468000	-475.60
1945	137.581000	-474.10
1946	137.694000	-475.40
1947	137.810000	-478.00
1948	137.925000	-476.10
1949	138.038000	-475.40
1950	138.151000	-477.30
1951	138.266000	-478.00
1952	138.382000	-478.30
1953	138.496000	-476.70
1954	138.611000	-475.10
1955	138.720000	-475.20
1956	138.830000	-475.70
1957	138.941000	-477.70
1958	139.052000	-481.50
1959	139.172000	-483.80
1960	139.292000	-485.90
1961	139.415000	-484.10
1962	139.537000	-482.00
1963	139.654000	-482.80
1964	139.771000	-482.50
1965	139.887000	-482.50
1966	140.003000	-482.00
1967	140.117000	-480.30
1968	140.230000	-480.30
1969	140.343000	-481.70
1970	140.455000	-480.90
1971	140.567000	-480.90
1972	140.678000	-482.70
1973	140.793000	-483.70
1974	140.907000	-482.50
1975	141.019000	-481.10
1976	141.131000	-482.40
1977	141.244000	-484.50
1978	141.358000	-483.50
1979	141.469000	-480.60
1980	141.580000	-481.20
1981	141.690000	-482.60
1982	141.801000	-482.20
1983	141.911000	-480.90
1984	142.021000	-479.30
1985	142.129000	-482.20
1986	142.238000	-483.20
1987	142.348000	-481.00
1988	142.459000	-480.60
1989	142.568000	-482.00
1990	142.678000	-483.00
1991	142.790000	-482.30
1992	142.903000	-481.90
1993	143.014000	-481.20
1994	143.126000	-482.10
1995	143.238000	-480.10
1996	143.350000	-479.60
1997	143.462000	-481.10
1998	143.573000	-480.40
1999	143.687000	-481.90
2000	143.801000	-483.40
2001	143.920000	-483.10
2002	144.038000	-482.50
2003	144.156000	-481.50
2004	144.273000	-479.60
2005	144.388000	-480.10
2006	144.503000	-481.00
2007	144.621000	-481.20
2008	144.740000	-481.20
2009	144.861000	-483.10
2010	144.982000	-484.50
2011	145.106000	-481.40
2012	145.230000	-479.00
2013	145.349000	-480.40
2014	145.468000	-480.10
2015	145.587000	-477.60
2016	145.706000	-478.10
2017	145.826000	-478.50
2018	145.945000	-479.00
2019	146.067000	-480.70
2020	146.190000	-481.40
2021	146.316000	-480.60
2022	146.442000	-478.90
2023	146.565000	-479.50
2024	146.688000	-480.30
2025	146.815000	-481.40
2026	146.942000	-483.30
2027	147.074000	-482.50
2028	147.205000	-481.60
2029	147.336000	-482.30
2030	147.466000	-481.50
2031	147.594000	-479.60
2032	147.722000	-479.60
2033	147.848000	-478.80
2034	147.974000	-477.90
2035	148.098000	-478.60
2036	148.222000	-479.60
2037	148.350000	-479.80
2038	148.477000	-479.70
2039	148.604000	-479.00
2040	148.731000	-479.40
2041	148.859000	-479.80
2042	148.987000	-479.80
2043	149.116000	-480.60
2044	149.245000	-480.00
2045	149.374000	-479.50
2046	149.503000	-481.20
2047	149.634000	-481.60
2048	149.766000	-482.50
2049	149.900000	-482.40
2050	150.034000	-477.70
2051	150.158000	-476.80
2052	150.282000	-477.90
2053	150.407000	-477.50
2054	150.532000	-478.70
2055	150.659000	-478.70
2056	150.785000	-478.00
2057	150.910000	-477.40
2058	151.035000	-476.90
2059	151.159000	-477.70
2060	151.283000	-476.80
2061	151.406000	-476.40
2062	151.529000	-477.60
2063	151.654000	-477.50
2064	151.778000	-477.30
2065	151.902000	-477.10
2066	152.026000	-475.70
2067	152.147000	-475.60
2068	152.268000	-476.90
2069	152.390000	-475.70
2070	152.513000	-473.20
2071	152.630000	-473.40
2072	152.747000	-476.20
2073	152.868000	-476.10
2074	152.990000	-472.10
2075	153.104000	-471.30
2076	153.218000	-472.80
2077	153.334000	-473.10
2078	153.450000	-473.10
2079	153.567000	-475.00
2080	153.685000	-476.20
2081	153.806000	-476.00
2082	153.927000	-476.10
2083	154.051000	-478.70
2084	154.174000	-479.10
2085	154.301000	-479.10
2086	154.427000	-477.90
2087	154.552000	-478.40
2088	154.676000	-480.70
2089	154.804000	-480.30
2090	154.933000	-479.00
2091	155.057000	-477.70
2092	155.181000	-476.80
2093	155.303000	-477.90
2094	155.425000	-477.70
2095	155.548000	-478.50
2096	155.670000	-477.90
2097	155.790000	-475.20
2098	155.910000	-477.50
2099	156.033000	-480.20
2100	156.157000	-480.40
2101	156.281000	-478.20
2102	156.404000	-477.50
2103	156.525000	-478.10
2104	156.646000	-477.60
2105	156.768000	-480.60
2106	156.891000	-478.90
2107	157.010000	-475.90
2108	157.130000	-478.80
2109	157.257000	-485.70
2110	157.385000	-484.50
2111	157.515000	-482.90
2112	157.645000	-484.70
2113	157.772000	-480.00
2114	157.899000	-480.10
2115	158.023000	-480.90
2116	158.147000	-482.00
2117	158.271000	-478.90
2118	158.395000	-481.80
2119	158.524000	-484.80
2120	158.653000	-481.20
2121	158.779000	-482.50
2122	158.905000	-486.00
2123	159.037000	-482.70
2124	159.168000	-480.50
2125	159.294000	-482.60
2126	159.421000	-482.40
2127	159.549000	-482.70
2128	159.678000	-482.90
2129	159.807000	-482.40
2130	159.936000	-482.90
2131	160.062000	-478.40
2132	160.187000	-477.50
2133	160.309000	-478.80
2134	160.431000	-477.40
2135	160.552000	-477.90
2136	160.673000	-479.00
2137	160.792000	-473.20
2138	160.910000	-473.00
2139	161.022000	-471.20
2140	161.135000	-474.20
2141	161.255000	-479.80
2142	161.376000	-477.20
2143	161.494000	-473.90
2144	161.612000	-471.20
2145	161.723000	-471.80
2146	161.834000	-466.80
2147	161.936000	-463.10
2148	162.037000	-465.30
2149	162.143000	-471.00
2150	162.248000	-463.70
2151	162.351000	-469.20
2152	162.455000	-469.80
2153	162.564000	-470.90
2154	162.673000	-467.30
2155	162.779000	-469.20
2156	162.884000	-472.30
2157	162.996000	-471.80
2158	163.108000	-472.50
2159	163.221000	-472.60
2160	163.333000	-476.30
2161	163.449000	-473.00
2162	163.565000	-474.40
2163	163.679000	-472.70
2164	163.794000	-476.90
2165	163.913000	-476.10
2166	164.032000	-477.20
2167	164.154000	-480.00
2168	164.276000	-476.60
2169	164.395000	-476.50
2170	164.513000	-474.40
2171	164.628000	-475.70
2172	164.744000	-475.30
2173	164.856000	-471.80
2174	164.968000	-471.80
2175	165.075000	-469.50
2176	165.183000	-464.90
2177	165.281000	-465.70
2178	165.380000	-471.80
2179	165.487000	-470.70
2180	165.594000	-469.00
2181	165.699000	-471.30
2182	165.805000	-475.70
2183	165.917000	-474.40
2184	166.029000	-474.50
2185	166.140000	-474.20
2186	166.250000	-473.10
2187	166.360000	-475.60
2188	166.469000	-476.60
2189	166.583000	-478.20
2190	166.697000	-478.80
2191	166.811000	-477.70
2192	166.925000	-481.80
2193	167.045000	-483.00
2194	167.164000	-483.70
2195	167.286000	-484.90
2196	167.408000	-480.90
2197	167.523000	-482.00
2198	167.638000	-482.90
2199	167.754000	-482.00
2200	167.869000	-482.10
2201	167.981000	-479.10
2202	168.092000	-480.10
2203	168.202000	-481.20
2204	168.313000	-483.60
2205	168.426000	-483.40
2206	168.540000	-480.00
2207	168.650000	-482.80
2208	168.759000	-482.50
2209	168.869000	-480.90
2210	168.978000	-482.20
2211	169.084000	-478.00
2212	169.191000	-479.50
2213	169.295000	-479.00
2214	169.400000	-482.80
2215	169.509000	-481.60
2216	169.618000	-480.00
2217	169.722000	-478.60
2218	169.826000	-479.80
2219	169.931000	-479.80
2220	170.036000	-480.30
2221	170.142000	-479.30
2222	170.247000	-477.30
2223	170.347000	-474.70
2224	170.448000	-471.80
2225	170.543000	-471.60
2226	170.637000	-473.30
2227	170.734000	-472.10
2228	170.831000	-473.50
2229	170.931000	-474.10
2230	171.030000	-471.30
2231	171.125000	-469.70
2232	171.221000	-469.70
2233	171.315000	-469.40
2234	171.410000	-466.50
2235	171.498000	-462.10
2236	171.586000	-466.60
2237	171.680000	-470.40
2238	171.773000	-472.80
2239	171.872000	-471.20
2240	171.970000	-473.60
2241	172.072000	-475.30
2242	172.174000	-471.70
2243	172.270000	-468.80
2244	172.366000	-467.70
2245	172.462000	-472.50
2246	172.558000	-474.90
2247	172.658000	-471.10
2248	172.758000	-473.50
2249	172.864000	-479.30
2250	172.969000	-473.50
2251	173.067000	-468.40
2252	173.165000	-469.10
2253	173.265000	-476.00
2254	173.365000	-472.80
2255	173.466000	-474.00
2256	173.568000	-477.50
2257	173.677000	-479.90
2258	173.786000	-480.50
2259	173.898000	-480.50
2260	174.010000	-476.80
2261	174.116000	-477.00
2262	174.223000	-477.50
2263	174.330000	-476.70
2264	174.436000	-478.00
2265	174.543000	-475.50
2266	174.650000	-473.00
2267	174.753000	-474.30
2268	174.856000	-473.40
2269	174.960000	-474.40
2270	175.064000	-469.40
2271	175.159000	-466.00
2272	175.254000	-467.00
2273	175.353000	-472.70
2274	175.452000	-472.00
2275	175.552000	-468.60
2276	175.651000	-467.60
2277	175.747000	-467.20
2278	175.843000	-468.00
2279	175.941000	-469.10
2280	176.039000	-467.00
2281	176.135000	-467.60
2282	176.231000	-468.30
2283	176.329000	-468.40
2284	176.427000	-472.50
2285	176.533000	-475.00
2286	176.639000	-468.00
2287	176.736000	-467.70
2288	176.833000	-473.50
2289	176.940000	-474.80
2290	177.047000	-474.90
2291	177.157000	-476.90
2292	177.266000	-475.50
2293	177.376000	-476.50
2294	177.487000	-477.00
2295	177.599000	-476.80
2296	177.711000	-474.70
2297	177.822000	-476.50
2298	177.933000	-474.00
2299	178.041000	-473.90
2300	178.150000	-472.80
2301	178.257000	-473.10
2302	178.364000	-476.00
2303	178.477000	-476.20
2304	178.590000	-473.20
2305	178.699000	-474.00
2306	178.808000	-475.10
2307	178.922000	-477.50
2308	179.035000	-480.80
2309	179.156000	-480.60
2310	179.277000	-481.40
2311	179.400000	-481.80
2312	179.524000	-476.70
2313	179.635000	-472.30
2314	179.746000	-471.60
2315	179.854000	-473.70
2316	179.963000	-472.70
2317	180.068000	-468.20
2318	180.174000	-463.50
2319	180.270000	-464.70
2320	180.367000	-470.10
2321	180.472000	-469.80
2322	180.577000	-469.90
2323	180.681000	-469.50
2324	180.786000	-470.50
2325	180.889000	-466.10
2326	180.992000	-465.70
2327	181.091000	-465.70
2328	181.190000	-463.80
2329	181.288000	-466.30
2330	181.387000	-471.80
2331	181.497000	-473.50
2332	181.606000	-466.80
2333	181.709000	-469.20
2334	181.812000	-472.70
2335	181.923000	-472.30
2336	182.033000	-473.80
2337	182.147000	-475.90
2338	182.261000	-479.40
2339	182.385000	-480.20
2340	182.508000	-477.30
2341	182.628000	-478.20
2342	182.749000	-480.70
2343	182.870000	-476.00
2344	182.992000	-478.50
2345	183.116000	-478.90
2346	183.239000	-483.80
2347	183.370000	-481.00
2348	183.501000	-478.20
2349	183.628000	-481.40
2350	183.755000	-481.60
2351	183.885000	-480.90
2352	184.016000	-479.20
2353	184.145000	-481.10
2354	184.274000	-476.70
2355	184.396000	-475.10
2356	184.517000	-484.90
2357	184.654000	-481.80
2358	184.790000	-479.10
2359	184.921000	-481.20
2360	185.052000	-482.00
2361	185.184000	-479.10
2362	185.316000	-480.30
2363	185.453000	-485.00
2364	185.589000	-483.60
2365	185.723000	-478.50
2366	185.857000	-480.10
2367	185.990000	-480.60
2368	186.123000	-480.40
2369	186.257000	-481.60
2370	186.392000	-478.80
2371	186.525000	-481.30
2372	186.658000	-480.40
2373	186.789000	-476.90
2374	186.919000	-476.40
2375	187.049000	-479.30
2376	187.179000	-481.70
2377	187.314000	-479.50
2378	187.450000	-477.40
2379	187.577000	-475.00
2380	187.705000	-475.20
2381	187.835000	-480.30
2382	187.966000	-480.20
2383	188.101000	-479.00
2384	188.236000	-480.80
2385	188.371000	-478.40
2386	188.506000	-478.20
2387	188.638000	-476.10
2388	188.769000	-473.40
2389	188.893000	-472.50
2390	189.016000	-476.20
2391	189.146000	-475.90
2392	189.276000	-473.60
2393	189.399000	-470.00
2394	189.522000	-471.60
2395	189.646000	-473.00
2396	189.770000	-470.10
2397	189.889000	-467.80
2398	190.007000	-463.20
2399	190.117000	-463.00
2400	190.227000	-462.60
2401	190.335000	-461.40
2402	190.444000	-456.00
2403	190.544000	-456.50
2404	190.644000	-462.30
2405	190.757000	-465.70
2406	190.869000	-466.80
2407	190.987000	-467.80
2408	191.105000	-468.10
2409	191.224000	-467.00
2410	191.343000	-467.70
2411	191.460000	-464.80
2412	191.578000	-464.00
2413	191.693000	-465.20
2414	191.808000	-468.20
2415	191.931000	-470.30
2416	192.054000	-471.30
2417	192.182000	-471.10
2418	192.309000	-467.40
2419	192.433000	-470.40
2420	192.557000	-472.70
2421	192.689000	-473.10
2422	192.821000	-476.20
2423	192.957000	-473.00
2424	193.093000	-469.60
2425	193.221000	-470.90
2426	193.350000	-470.90
2427	193.478000	-469.40
2428	193.607000	-466.80
2429	193.728000	-464.50
2430	193.849000	-462.90
2431	193.968000	-465.50
2432	194.087000	-464.50
2433	194.204000	-461.20
2434	194.322000	-466.30
2435	194.446000	-467.20
2436	194.570000	-465.30
2437	194.692000	-464.80
2438	194.814000	-465.50
2439	194.941000	-468.90
2440	195.067000	-471.30
2441	195.202000	-471.80
2442	195.337000	-470.80
2443	195.471000	-470.50
2444	195.605000	-469.70
2445	195.738000	-470.50
2446	195.871000	-470.50
2447	196.004000	-468.90
2448	196.136000	-468.50
2449	196.262000	-463.20
2450	196.388000	-460.50
2451	196.509000	-465.50
2452	196.630000	-467.40
2453	196.758000	-466.20
2454	196.886000	-465.10
2455	197.011000	-465.60
2456	197.137000	-465.40
2457	197.260000	-462.20
2458	197.382000	-463.30
2459	197.503000	-460.80
2460	197.623000	-459.50
2461	197.739000	-459.20
2462	197.854000	-459.30
2463	197.969000	-458.50
2464	198.085000	-455.60
2465	198.195000	-456.20
2466	198.306000	-454.90
2467	198.414000	-454.20
2468	198.523000	-456.70
2469	198.636000	-459.50
2470	198.750000	-458.20
2471	198.863000	-456.90
2472	198.976000	-458.30
2473	199.088000	-455.50
2474	199.200000	-453.20
2475	199.308000	-454.10
2476	199.415000	-452.40
2477	199.521000	-453.00
2478	199.627000	-454.70
2479	199.733000	-449.60
2480	199.838000	-448.30
2481	199.940000	-450.70
2482	200.042000	-451.00
2483	200.148000	-453.00
2484	200.253000	-453.10
2485	200.361000	-452.70
2486	200.468000	-451.50
2487	200.570000	-447.30
2488	200.673000	-444.80
2489	200.771000	-447.60
2490	200.869000	-448.50
2491	200.970000	-447.70
2492	201.070000	-449.30
2493	201.172000	-448.20
2494	201.274000	-449.70
2495	201.377000	-447.70
2496	201.479000	-444.70
2497	201.579000	-449.90
2498	201.680000	-451.00
2499	201.786000	-450.50
2500	201.891000	-450.60
2501	201.996000	-449.40
2502	202.101000	-449.00
2503	202.205000	-450.20
2504	202.310000	-449.50
2505	202.412000	-447.00
2506	202.515000	-446.50
2507	202.617000	-449.10
2508	202.719000	-450.40
2509	202.825000	-449.60
2510	202.931000	-451.40
2511	203.040000	-452.50
2512	203.148000	-453.10
2513	203.260000	-453.50
2514	203.371000	-451.10
2515	203.480000	-451.90
2516	203.588000	-454.30
2517	203.701000	-453.80
2518	203.815000	-452.40
2519	203.924000	-450.10
2520	204.033000	-451.40
2521	204.144000	-453.70
2522	204.256000	-456.00
2523	204.374000	-456.80
2524	204.492000	-456.70
2525	204.611000	-456.40
2526	204.730000	-458.30
2527	204.855000	-460.10
2528	204.979000	-460.70
2529	205.107000	-461.30
2530	205.235000	-464.30
2531	205.370000	-464.90
2532	205.506000	-462.60
2533	205.637000	-460.90
2534	205.767000	-462.30
2535	205.900000	-462.50
2536	206.033000	-460.20
2537	206.163000	-460.80
2538	206.294000	-460.30
2539	206.424000	-460.40
2540	206.555000	-461.50
2541	206.688000	-460.80
2542	206.821000	-461.40
2543	206.956000	-461.70
2544	207.091000	-459.30
2545	207.221000	-458.80
2546	207.352000	-460.80
2547	207.483000	-456.90
2548	207.614000	-457.60
2549	207.742000	-456.80
2550	207.871000	-456.30
2551	207.999000	-456.40
2552	208.126000	-456.10
2553	208.255000	-457.00
2554	208.383000	-453.20
2555	208.505000	-452.10
2556	208.628000	-453.90
2557	208.755000	-456.20
2558	208.882000	-457.30
2559	209.012000	-455.80
2560	209.143000	-456.40
2561	209.271000	-453.40
2562	209.399000	-450.00
2563	209.520000	-450.80
2564	209.642000	-451.00
2565	209.766000	-452.50
2566	209.890000	-451.80
2567	210.013000	-449.00
2568	210.136000	-447.90
2569	210.255000	-448.30
2570	210.375000	-450.90
2571	210.500000	-451.10
2572	210.626000	-450.50
2573	210.751000	-450.30
2574	210.876000	-448.80
2575	211.000000	-450.80
2576	211.125000	-452.00
2577	211.250000	-447.20
2578	211.375000	-447.40
2579	211.496000	-446.10
2580	211.617000	-448.30
2581	211.740000	-447.70
2582	211.864000	-447.50
2583	211.985000	-445.20
2584	212.107000	-445.10
2585	212.229000	-447.80
2586	212.351000	-445.30
2587	212.471000	-444.40
2588	212.591000	-447.20
2589	212.714000	-446.00
2590	212.838000	-445.50
2591	212.961000	-446.40
2592	213.084000	-447.80
2593	213.207000	-444.10
2594	213.331000	-443.50
2595	213.452000	-444.90
2596	213.573000	-444.40
2597	213.695000	-443.80
2598	213.817000	-443.80
2599	213.940000	-445.00
2600	214.062000	-444.80
2601	214.185000	-443.50
2602	214.308000	-443.00
2603	214.431000	-443.60
2604	214.553000	-445.20
2605	214.677000	-443.50
2606	214.802000	-442.50
2607	214.922000	-441.10
2608	215.043000	-440.40
2609	215.163000	-442.20
2610	215.284000	-445.30
2611	215.410000	-443.50
2612	215.537000	-445.50
2613	215.668000	-448.40
2614	215.800000	-449.00
2615	215.935000	-447.30
2616	216.069000	-447.40
2617	216.203000	-447.10
2618	216.337000	-442.80
2619	216.462000	-440.70
2620	216.587000	-440.20
2621	216.711000	-441.70
2622	216.835000	-440.70
2623	216.959000	-439.40
2624	217.083000	-440.30
2625	217.208000	-440.90
2626	217.334000	-441.30
2627	217.462000	-441.10
2628	217.589000	-447.10
2629	217.728000	-446.20
2630	217.866000	-445.00
2631	218.003000	-445.70
2632	218.141000	-446.30
2633	218.281000	-447.00
2634	218.422000	-449.50
2635	218.573000	-453.10
2636	218.724000	-452.90
2637	218.877000	-451.30
2638	219.031000	-451.00
2639	219.184000	-451.40
2640	219.337000	-452.50
2641	219.495000	-453.50
2642	219.653000	-450.40
2643	219.810000	-453.80
2644	219.967000	-459.50
2645	220.142000	-459.10
2646	220.317000	-458.50
2647	220.493000	-459.70
2648	220.670000	-463.00
2649	220.856000	-462.00
2650	221.042000	-459.00
2651	221.222000	-459.80
2652	221.401000	-463.00
2653	221.590000	-462.10
2654	221.779000	-462.40
2655	221.976000	-467.40
2656	222.172000	-469.80
2657	222.383000	-468.70
2658	222.593000	-468.90
2659	222.806000	-469.80
2660	223.019000	-474.90
2661	223.253000	-476.20
2662	223.487000	-471.30
2663	223.711000	-473.00
2664	223.935000	-474.50
2665	224.165000	-473.70
2666	224.395000	-476.20
2667	224.636000	-478.20
2668	224.877000	-478.00
2669	225.121000	-477.70
2670	225.364000	-476.60
2671	225.605000	-478.30
2672	225.847000	-475.60
2673	226.077000	-472.40
2674	226.307000	-467.80
2675	226.520000	-469.80
2676	226.734000	-469.70
2677	226.948000	-467.80
2678	227.161000	-462.50
2679	227.366000	-468.40
2680	227.571000	-472.20
2681	227.789000	-467.00
2682	228.007000	-466.20
2683	228.222000	-469.80
2684	228.436000	-470.80
2685	228.664000	-472.10
2686	228.891000	-475.20
2687	229.140000	-479.20
2688	229.390000	-478.80
2689	229.644000	-476.30
2690	229.897000	-475.90
2691	230.142000	-474.10
2692	230.387000	-472.30
2693	230.617000	-469.40
2694	230.848000	-470.60
2695	231.085000	-474.40
2696	231.321000	-477.60
2697	231.578000	-477.70
2698	231.835000	-476.90
2699	232.089000	-475.90
2700	232.342000	-475.20
2701	232.589000	-474.20
2702	232.835000	-472.10
2703	233.070000	-471.00
2704	233.305000	-469.30
2705	233.535000	-471.30
2706	233.765000	-470.00
2707	233.994000	-470.20
2708	234.224000	-471.10
2709	234.449000	-466.80
2710	234.674000	-465.60
2711	234.888000	-465.20
2712	235.101000	-464.70
2713	235.312000	-464.50
2714	235.524000	-462.20
2715	235.726000	-461.30
2716	235.929000	-460.40
2717	236.128000	-460.90
2718	236.328000	-460.20
2719	236.524000	-458.80
2720	236.721000	-458.20
2721	236.911000	-456.10
2722	237.101000	-457.50
2723	237.293000	-457.90
2724	237.485000	-455.20
2725	237.669000	-452.90
2726	237.852000	-451.20
2727	238.027000	-449.60
2728	238.202000	-452.30
2729	238.382000	-451.60
2730	238.563000	-448.90
2731	238.737000	-448.90
2732	238.911000	-449.10
2733	239.089000	-451.50
2734	239.267000	-452.20
2735	239.449000	-450.20
2736	239.630000	-447.10
2737	239.803000	-447.00
2738	239.975000	-448.90
2739	240.153000	-448.20
2740	240.330000	-448.00
2741	240.505000	-446.60
2742	240.681000	-443.90
2743	240.849000	-443.60
2744	241.017000	-441.80
2745	241.183000	-442.10
2746	241.348000	-441.90
2747	241.513000	-440.60
2748	241.678000	-438.50
2749	241.834000	-434.20
2750	241.990000	-433.80
2751	242.142000	-431.80
2752	242.293000	-432.50
2753	242.443000	-428.40
2754	242.593000	-424.10
2755	242.733000	-424.00
2756	242.874000	-422.40
2757	243.011000	-421.10
2758	243.149000	-421.70
2759	243.288000	-422.80
2760	243.427000	-423.60
2761	243.570000	-424.10
2762	243.713000	-424.70
2763	243.859000	-426.10
2764	244.004000	-427.10
2765	244.153000	-427.80
2766	244.302000	-429.50
2767	244.455000	-430.20
2768	244.607000	-430.70
2769	244.764000	-434.40
2770	244.921000	-436.50
2771	245.089000	-440.90
2772	245.258000	-443.60
2773	245.441000	-446.20
2774	245.623000	-445.50
2775	245.812000	-448.20
2776	246.000000	-451.10
2777	246.202000	-453.00
2778	246.405000	-453.60
2779	246.615000	-455.30
2780	246.825000	-457.10
2781	247.050000	-460.90
2782	247.275000	-463.30
2783	247.521000	-466.60
2784	247.767000	-469.00
2785	248.026000	-468.30
2786	248.286000	-466.80
2787	248.537000	-466.40
2788	248.788000	-466.00
2789	249.035000	-465.40
2790	249.281000	-461.60
2791	249.512000	-461.00
2792	249.743000	-462.50
2793	249.979000	-464.20
2794	250.215000	-467.00
2795	250.468000	-469.70
2796	250.720000	-472.40
2797	250.988000	-473.10
2798	251.256000	-473.60
2799	251.527000	-473.90
2800	251.798000	-473.30
2801	252.064000	-471.80
2802	252.330000	-471.00
2803	252.592000	-471.80
2804	252.854000	-474.70
2805	253.126000	-474.00
2806	253.399000	-472.80
2807	253.665000	-472.60
2808	253.931000	-472.30
2809	254.199000	-474.10
2810	254.467000	-473.20
2811	254.730000	-471.30
2812	254.994000	-472.40
2813	255.260000	-474.50
2814	255.527000	-474.50
2815	255.797000	-474.30
2816	256.066000	-475.90
2817	256.341000	-476.20
2818	256.616000	-475.20
2819	256.880000	-472.30
2820	257.144000	-470.80
2821	257.395000	-470.60
2822	257.646000	-468.40
2823	257.890000	-470.10
2824	258.134000	-470.90
2825	258.378000	-468.80
2826	258.622000	-463.60
2827	258.844000	-463.50
2828	259.066000	-466.10
2829	259.301000	-469.80
2830	259.535000	-470.70
2831	259.774000	-470.80
2832	260.014000	-469.30
2833	260.251000	-472.60
2834	260.488000	-474.80
2835	260.732000	-470.80
2836	260.975000	-467.90
2837	261.211000	-471.20
2838	261.446000	-474.70
2839	261.699000	-473.50
2840	261.952000	-473.20
2841	262.203000	-471.70
2842	262.455000	-472.40
2843	262.711000	-470.60
2844	262.966000	-465.50
2845	263.202000	-462.70
2846	263.438000	-464.30
2847	263.681000	-466.40
2848	263.925000	-468.70
2849	264.187000	-470.10
2850	264.449000	-470.30
2851	264.718000	-469.80
2852	264.987000	-471.80
2853	265.270000	-473.30
2854	265.552000	-473.20
2855	265.845000	-474.40
2856	266.137000	-476.10
2857	266.446000	-477.10
2858	266.755000	-477.80
2859	267.078000	-478.70
2860	267.401000	-476.60
2861	267.724000	-477.60
2862	268.046000	-479.70
2863	268.386000	-479.50
2864	268.725000	-480.20
2865	269.071000	-480.00
2866	269.418000	-479.60
2867	269.770000	-481.50
2868	270.122000	-481.60
2869	270.482000	-481.30
2870	270.842000	-482.90
2871	271.212000	-482.40
2872	271.581000	-482.40
2873	271.946000	-481.00
2874	272.311000	-480.80
2875	272.675000	-482.40
2876	273.038000	-481.70
2877	273.403000	-481.20
2878	273.767000	-482.50
2879	274.131000	-480.80
2880	274.495000	-480.50
2881	274.857000	-481.90
2882	275.220000	-483.30
2883	275.583000	-479.70
2884	275.947000	-477.30
2885	276.292000	-479.40
2886	276.637000	-479.40
2887	276.991000	-481.10
2888	277.346000	-483.80
2889	277.705000	-479.10
2890	278.065000	-475.50
2891	278.396000	-478.10
2892	278.728000	-479.00
2893	279.064000	-477.80
2894	279.401000	-478.50
2895	279.735000	-478.50
2896	280.069000	-476.30
2897	280.383000	-473.80
2898	280.696000	-472.20
2899	280.985000	-468.40
2900	281.274000	-472.40
2901	281.571000	-473.40
2902	281.868000	-473.80
2903	282.163000	-472.70
2904	282.458000	-472.40
2905	282.745000	-471.70
2906	283.032000	-468.60
2907	283.303000	-469.00
2908	283.574000	-467.80
2909	283.834000	-465.70
2910	284.094000	-464.90
2911	284.348000	-467.10
2912	284.602000	-467.70
2913	284.857000	-467.30
2914	285.113000	-462.30
2915	285.345000	-461.20
2916	285.577000	-463.20
2917	285.809000	-461.80
2918	286.041000	-460.60
2919	286.264000	-460.30
2920	286.487000	-460.30
2921	286.708000	-460.40
2922	286.929000	-461.80
2923	287.149000	-459.20
2924	287.368000	-457.70
2925	287.579000	-457.60
2926	287.789000	-458.60
2927	288.001000	-458.70
2928	288.213000	-459.80
2929	288.425000	-457.50
2930	288.636000	-457.40
2931	288.842000	-456.40
2932	289.048000	-455.50
2933	289.251000	-456.20
2934	289.453000	-457.10
2935	289.657000	-455.50
2936	289.860000	-452.70
2937	290.055000	-453.50
2938	290.249000	-455.50
2939	290.453000	-457.20
2940	290.656000	-459.30
2941	290.869000	-459.60
2942	291.081000	-462.30
2943	291.302000	-462.40
2944	291.523000	-462.20
2945	291.744000	-462.10
2946	291.965000	-462.10
2947	292.188000	-463.40
2948	292.411000	-465.90
2949	292.650000	-468.20
2950	292.889000	-472.20
2951	293.147000	-472.20
2952	293.406000	-469.10
2953	293.651000	-466.60
2954	293.897000	-468.60
2955	294.152000	-471.20
2956	294.406000	-473.40
2957	294.676000	-472.60
2958	294.945000	-469.90
2959	295.202000	-468.10
2960	295.458000	-464.90
2961	295.698000	-463.00
2962	295.939000	-465.20
2963	296.189000	-467.10
2964	296.439000	-467.00
2965	296.698000	-469.40
2966	296.957000	-474.70
2967	297.249000	-477.30
2968	297.541000	-477.50
2969	297.843000	-478.40
2970	298.146000	-475.60
2971	298.436000	-473.00
2972	298.726000	-472.00
2973	299.008000	-471.20
2974	299.290000	-470.20
2975	299.570000	-470.60
2976	299.850000	-469.50
2977	300.125000	-467.50
2978	300.400000	-465.50
2979	300.664000	-464.40
2980	300.928000	-468.00
2981	301.208000	-468.80
2982	301.488000	-472.10
2983	301.788000	-473.10
2984	302.088000	-470.50
2985	302.375000	-468.20
2986	302.663000	-467.60
2987	302.951000	-470.30
2988	303.239000	-470.40
2989	303.527000	-466.80
2990	303.814000	-465.40
2991	304.085000	-462.50
2992	304.356000	-464.30
2993	304.632000	-465.20
2994	304.907000	-462.60
2995	305.170000	-459.70
2996	305.433000	-456.10
2997	305.678000	-455.80
2998	305.923000	-457.10
2999	306.184000	-463.70
3000	306.445000	-466.50
3001	306.733000	-467.30
3002	307.020000	-468.90
3003	307.322000	-471.70
3004	307.625000	-468.70
3005	307.919000	-467.40
3006	308.212000	-466.20
3007	308.497000	-465.20
3008	308.782000	-465.10
3009	309.062000	-462.90
3010	309.342000	-462.70
3011	309.625000	-465.80
3012	309.908000	-465.10
3013	310.195000	-464.50
3014	310.483000	-465.10
3015	310.773000	-463.90
3016	311.063000	-463.20
3017	311.348000	-462.70
3018	311.634000	-461.00
3019	311.908000	-458.70
3020	312.183000	-460.10
3021	312.454000	-458.00
3022	312.726000	-456.60
3023	312.986000	-455.00
3024	313.247000	-454.40
3025	313.504000	-455.50
3026	313.762000	-454.70
3027	314.017000	-453.70
3028	314.273000	-454.90
3029	314.529000	-453.40
3030	314.785000	-455.80
3031	315.040000	-451.00
3032	315.294000	-452.40
3033	315.555000	-457.70
3034	315.817000	-455.00
3035	316.069000	-449.50
3036	316.321000	-448.00
3037	316.557000	-446.20
3038	316.793000	-449.80
3039	317.044000	-453.00
3040	317.296000	-453.90
3041	317.562000	-456.50
3042	317.827000	-459.00
3043	318.111000	-460.50
3044	318.395000	-461.60
3045	318.694000	-464.60
3046	318.992000	-466.50
3047	319.310000	-468.20
3048	319.628000	-468.90
3049	319.949000	-466.50
3050	320.269000	-466.20
3051	320.579000	-464.00
3052	320.890000	-463.20
3053	321.195000	-463.90
3054	321.501000	-462.20
3055	321.800000	-460.30
3056	322.098000	-459.50
3057	322.390000	-459.00
3058	322.682000	-458.80
3059	322.973000	-458.00
3060	323.263000	-456.20
3061	323.545000	-455.80
3062	323.827000	-454.30
3063	324.101000	-452.60
3064	324.375000	-451.20
3065	324.640000	-450.40
3066	324.905000	-450.10
3067	325.167000	-449.50
3068	325.429000	-450.90
3069	325.694000	-450.40
3070	325.960000	-450.10
3071	326.219000	-447.90
3072	326.479000	-447.20
3073	326.730000	-446.20
3074	326.982000	-444.70
3075	327.227000	-445.00
3076	327.472000	-445.00
3077	327.717000	-444.80
3078	327.963000	-443.60
3079	328.202000	-443.00
3080	328.441000	-443.00
3081	328.676000	-441.10
3082	328.910000	-440.30
3083	329.139000	-440.30
3084	329.367000	-440.70
3085	329.593000	-438.80
3086	329.818000	-438.90
3087	330.043000	-439.90
3088	330.267000	-439.20
3089	330.493000	-440.40
3090	330.719000	-440.60
3091	330.946000	-439.00
3092	331.173000	-438.40
3093	331.397000	-438.10
3094	331.620000	-437.00
3095	331.843000	-438.10
3096	332.066000	-437.90
3097	332.290000	-436.90
3098	332.514000	-436.30
3099	332.737000	-436.70
3100	332.959000	-438.20
3101	333.188000	-438.40
3102	333.418000	-437.70
3103	333.643000	-434.70
3104	333.869000	-430.00
3105	334.080000	-429.10
3106	334.290000	-426.50
3107	334.493000	-423.20
3108	334.697000	-420.20
3109	334.890000	-418.80
3110	335.084000	-418.70
3111	335.276000	-416.20
3112	335.468000	-415.90
3113	335.659000	-416.20
3114	335.850000	-415.80
3115	336.040000	-414.90
3116	336.230000	-415.20
3117	336.422000	-415.50
3118	336.614000	-414.80
3119	336.807000	-415.60
3120	336.999000	-417.20
3121	337.197000	-419.00
3122	337.395000	-420.30
3123	337.596000	-421.00
3124	337.798000	-426.30
3125	338.016000	-430.00
3126	338.234000	-431.70
3127	338.463000	-435.90
3128	338.693000	-440.50
3129	338.947000	-444.40
3130	339.200000	-444.50
3131	339.461000	-445.40
3132	339.722000	-445.90
3133	339.988000	-448.30
3134	340.254000	-450.60
3135	340.535000	-452.30
3136	340.816000	-455.60
3137	341.117000	-457.80
3138	341.417000	-459.90
3139	341.734000	-461.40
3140	342.050000	-465.00
3141	342.386000	-465.80
3142	342.722000	-467.80
3143	343.075000	-471.50
3144	343.428000	-475.80
3145	343.819000	-479.40
3146	344.210000	-480.70
3147	344.613000	-480.30
3148	345.016000	-480.40
3149	345.416000	-480.10
3150	345.817000	-478.40
3151	346.205000	-476.60
3152	346.593000	-477.50
3153	346.982000	-476.70
3154	347.372000	-477.40
3155	347.761000	-475.80
3156	348.151000	-476.60
3157	348.546000	-477.20
3158	348.941000	-474.60
3159	349.329000	-475.50
3160	349.717000	-477.30
3161	350.112000	-473.90
3162	350.507000	-470.40
3163	350.879000	-470.00
3164	351.252000	-470.30
3165	351.637000	-471.80
3166	352.022000	-472.00
3167	352.422000	-472.60
3168	352.822000	-473.00
3169	353.228000	-470.50
3170	353.634000	-471.30
3171	354.049000	-471.70
3172	354.463000	-472.30
3173	354.893000	-472.80
3174	355.323000	-472.70
3175	355.765000	-473.30
3176	356.207000	-474.10
3177	356.664000	-473.90
3178	357.122000	-475.80
3179	357.608000	-477.60
3180	358.095000	-477.80
3181	358.602000	-477.90
3182	359.109000	-477.50
3183	359.631000	-478.00
3184	360.154000	-478.90
3185	360.703000	-478.60
3186	361.253000	-478.70
3187	361.815000	-477.30
3188	362.376000	-477.10
3189	362.939000	-475.50
3190	363.501000	-474.50
3191	364.069000	-476.40
3192	364.636000	-475.10
3193	365.202000	-472.60
3194	365.768000	-471.60
3195	366.330000	-473.20
3196	366.891000	-471.90
3197	367.444000	-468.30
3198	367.996000	-468.90
3199	368.553000	-469.90
3200	369.111000	-471.10
3201	369.682000	-468.40
3202	370.253000	-469.10
3203	370.841000	-470.90
3204	371.429000	-468.00
3205	372.019000	-468.70
3206	372.609000	-470.90
3207	373.225000	-468.90
3208	373.841000	-466.00
3209	374.428000	-464.30
3210	375.014000	-462.50
3211	375.589000	-462.60
3212	376.164000	-463.30
3213	376.741000	-460.20
3214	377.318000	-457.60
3215	377.884000	-460.70
3216	378.449000	-464.90
3217	379.075000	-466.10
3218	379.700000	-468.10
3219	380.383000	-473.80
3220	381.066000	-473.30
3221	381.767000	-470.80
3222	382.468000	-469.40
3223	383.132000	-468.00
3224	383.795000	-466.10
3225	384.429000	-465.80
3226	385.062000	-464.80
3227	385.665000	-461.70
3228	386.268000	-458.90
3229	386.809000	-454.20
3230	387.349000	-452.60
3231	387.870000	-457.10
3232	388.390000	-460.60
3233	388.953000	-462.70
3234	389.516000	-464.30
3235	390.083000	-463.10
3236	390.649000	-461.00
3237	391.174000	-459.40
3238	391.698000	-457.40
3239	392.171000	-452.60
3240	392.645000	-451.40
3241	393.078000	-450.10
3242	393.511000	-454.50
3243	393.972000	-459.60
3244	394.433000	-462.20
3245	394.936000	-467.10
3246	395.440000	-468.80
3247	395.964000	-467.60
3248	396.489000	-467.20
3249	396.996000	-464.80
3250	397.503000	-465.10
3251	398.012000	-467.30
3252	398.521000	-466.70
3253	399.033000	-466.80
3254	399.545000	-468.30
3255	400.056000	-465.70
3256	400.567000	-466.60
3257	401.076000	-467.20
3258	401.585000	-465.00
3259	402.063000	-460.30
3260	402.541000	-455.60
3261	402.962000	-451.90
3262	403.383000	-450.50
3263	403.780000	-448.60
