Event (Core)	Eruption	Type	Depth ice/snow [m] (top)	Depth ice/snow [m] (bottom)	Age [ka BP] (AICC2012 Age)	[SO4]2- [ng/g] (Ion chromatography)	δ34S [‰ CDT] (Multi-collector inductively c...)	δ34S std dev [±] (2s, Multi-collector inductive...)	δ33S [‰ CDT] (Multi-collector inductively c...)	δ33S std dev [±] (2s, Multi-collector inductive...)	Δ33S [‰] (Multi-collector inductively c...)	Δ33S std dev [±] (2s, Multi-collector inductive...)	fV	fV std dev [±]	δ34S [‰ CDT] (Calculated, in volcanic fraction)	δ34S std dev [±] (s, Calculated, in volcanic fr...)	δ33S [‰ CDT] (Calculated, in volcanic fraction)	δ33S std dev [±] (s, Calculated, in volcanic fr...)	Δ33S [‰] (Calculated, in volcanic fraction)	Δ33S std dev [±] (s, Calculated, in volcanic fr...)
EDML	Pre-T1	Event	1866.00	1866.10	73.62	81	14.52	0.11	7.50	0.09	0.05	0.10								
EDML	Pre-T1	Event	1866.10	1866.17	73.63	97	14.10	0.11	7.28	0.09	0.04	0.10								
EDML	Pre-T1	Event	1866.17	1866.22	73.64	125	12.27	0.11	6.45	0.09	0.16	0.10								
EDML	Pre-T1	Event	1866.22	1866.25	73.64	212	5.92	0.11	2.63	0.09	-0.41	0.10	0.63	0.13	-0.33	4.13	-0.86	2.31	-0.69	0.58
EDML	Pre-T1	Event	1866.25	1866.30	73.64	145	8.21	0.11	4.13	0.09	-0.09	0.10	0.46	0.19	-7.10	42.24	-3.96	23.06	0.11	9.09
EDML	Pre-T1	Event	1866.30	1866.36	73.65	123	15.28	0.11	7.91	0.09	0.07	0.10								
EDML	Pre-T1	Event	1866.36	1866.43	73.65	91	13.91	0.11	7.19	0.09	0.05	0.10								
EDML	Pre-T1	Background	1866.43	1866.51	73.66	78	15.31	0.11	7.86	0.09	0.01	0.10								
EDML	T1	Event	1866.51	1866.57	73.67	153	2.98	0.11	0.66	0.09	-0.87	0.10	0.45	0.18	-20.43	48.41	-13.29	28.64	-2.24	6.53
EDML	T1	Event	1866.57	1866.60	73.67	305	-16.85	0.11	-10.94	0.09	-2.23	0.10	0.73	0.09	-29.40	6.00	-18.33	3.53	-3.08	0.50
EDML	T1	Event	1866.60	1866.64	73.67	306	13.59	0.11	7.96	0.09	0.98	0.10	0.73	0.09	13.22	0.45	8.12	0.25	1.34	0.36
EDML	T1	Event	1866.64	1866.71	73.68	150	16.66	0.11	9.02	0.09	0.48	0.10	0.44	0.18	24.49	104.56	14.41	65.57	2.34	35.38
EDML	T1	Background	1866.71	1866.78	73.68	84	14.51	0.11	7.53	0.09	0.08	0.10								
EDC	T1	Event	1078.78	1078.82	73.65	249	14.77	0.15	7.47	0.18	-0.11	0.17								
EDC	T1	Event	1078.82	1078.86	73.65	308	16.47	0.15	8.38	0.18	-0.07	0.17	0.46	0.09	17.79	0.54	9.04	0.37	-0.09	0.29
EDC	T1	Event	1078.88	1078.90	73.66	278	6.99	0.15	2.93	0.18	-0.67	0.17	0.40	0.09	-7.01	7.13	-5.27	4.21	-1.64	0.60
EDC	T1	Event	1078.91	1078.92	73.66	526	-11.27	0.15	-7.80	0.18	-1.98	0.17	0.68	0.06	-23.91	3.33	-15.22	1.96	-2.83	0.28
EDC	T1	Event	1078.93	1078.94	73.66	579	-25.61	0.15	-16.64	0.18	-3.36	0.23	0.71	0.05	-42.45	4.35	-26.69	2.62	-4.60	0.48
EDC	T1	Event	1078.95	1078.96	73.66	751	-32.08	0.15	-20.29	0.18	-3.64	0.17	0.78	0.04	-45.83	3.58	-28.45	2.12	-4.57	0.29
EDC	T1	Event	1078.97	1078.98	73.67	479	-25.79	0.15	-16.58	0.20	-3.22	0.17	0.65	0.06	-48.14	5.96	-29.84	3.54	-4.75	0.51
EDC	T1	Event	1078.98	1079.00	73.67	507	-21.67	0.15	-14.15	0.18	-2.93	0.17	0.67	0.06	-40.08	4.89	-25.07	2.91	-4.23	0.37
EDC	T1	Event	1079.00	1079.02	73.67	342	-6.86	0.15	-5.65	0.18	-2.11	0.17	0.52	0.08	-28.93	7.48	-19.03	4.56	-4.02	0.73
EDC	T1	Event	1079.06	1079.10	73.68	235	15.98	0.15	7.83	0.18	-0.37	0.17								
EDML	T2	Background	1867.38	1867.47	73.74	88	14.17	0.11	7.25	0.09	-0.03	0.10								
EDML	T2	Event	1867.47	1867.50	73.74	245	3.61	0.11	0.97	0.09	-0.88	0.10	0.50	0.12	-8.48	7.29	-6.20	4.25	-1.81	1.01
EDML	T2	Event	1867.50	1867.52	73.75	640	-2.43	0.11	-2.65	0.10	-1.40	0.11	0.81	0.05	-6.46	1.39	-5.05	0.83	-1.72	0.24
EDML	T2	Event	1867.52	1867.54	73.75	941	-2.83	0.11	-2.69	0.10	-1.24	0.10	0.87	0.04	-5.42	0.97	-4.21	0.57	-1.41	0.17
EDML	T2	Event	1867.54	1867.55	73.75	1139	-0.02	0.11	-0.79	0.10	-0.78	0.10	0.89	0.04	-1.76	0.71	-1.78	0.42	-0.87	0.15
EDML	T2	Event	1867.55	1867.57	73.75	1161	4.26	0.11	2.05	0.10	-0.14	0.10	0.90	0.04	3.08	0.50	1.42	0.29	-0.16	0.14
EDML	T2	Event	1867.57	1867.60	73.75	908	9.92	0.11	5.68	0.10	0.58	0.11	0.87	0.04	9.24	0.29	5.42	0.17	0.67	0.17
EDML	T2	Event	1867.60	1867.62	73.75	719	13.66	0.13	7.62	0.30	0.61	0.31	0.83	0.05	13.54	0.25	7.69	0.38	0.74	0.40
EDML	T2	Event	1867.62	1867.66	73.76	370	14.90	0.11	7.71	0.11	0.06	0.12	0.67	0.08	15.24	0.51	7.92	0.32	0.10	0.40
EDML	T2	Background	1867.66	1867.71	73.76	177	14.01	0.11	7.15	0.10	-0.04	0.11								
EDML	T2	Background	1867.71	1867.80	73.77	103	14.56	0.11	7.48	0.10	0.01	0.10								
EDC	T2	Event	1079.59	1079.62	73.73	164	14.34	0.15	7.27	0.18	-0.09	0.17								
EDC	T2	Event	1079.62	1079.64	73.74	151	13.06	0.15	6.83	0.18	0.12	0.17								
EDC	T2	Event	1079.64	1079.65	73.74	233	14.14	0.15	7.24	0.18	-0.02	0.17								
EDC	T2	Event	1079.67	1079.68	73.74	340	3.23	0.15	0.79	0.18	-0.87	0.17	0.51	0.08	-8.39	3.96	-5.99	2.31	-1.66	0.30
EDC	T2	Event	1079.69	1079.70	73.74	473	-7.92	0.15	-6.04	0.18	-1.95	0.17	0.65	0.06	-20.53	3.40	-13.58	2.03	-2.95	0.28
EDC	T2	Event	1079.70	1079.71	73.74	546	-13.01	0.15	-9.14	0.18	-2.42	0.17	0.69	0.05	-25.49	3.26	-16.62	1.95	-3.41	0.28
EDC	T2	Event	1079.72	1079.73	73.75	748	-13.63	0.15	-9.46	0.18	-2.42	0.17	0.78	0.05	-21.90	2.16	-14.41	1.29	-3.07	0.19
EDC	T2	Event	1079.73	1079.74	73.75	561	-3.88	0.15	-3.27	0.18	-1.27	0.17	0.70	0.05	-11.92	2.08	-7.92	1.21	-1.76	0.15
EDC	T2	Event	1079.75	1079.76	73.75	495	2.81	0.15	0.59	0.18	-0.86	0.17	0.67	0.06	-3.38	1.65	-2.99	0.97	-1.25	0.17
EDC	T2	Event	1079.77	1079.78	73.75	454	15.25	0.15	7.92	0.18	0.09	0.17	0.63	0.06	15.50	0.10	8.13	0.15	0.18	0.14
EDC	T2	Event	1079.79	1079.80	73.75	318	16.20	0.15	8.89	0.18	0.57	0.17	0.48	0.08	17.79	0.60	10.43	0.61	1.31	0.35
EDC	T2	Background	1079.81	1079.83	73.76	165	13.71	0.15	6.96	0.18	-0.08	0.17								
EDC	T2	Background	1079.85	1079.87	73.76	167	15.98	0.15	8.17	0.18	-0.03	0.17								
EDML	T3	Background	1869.29	1869.40	73.90	78	15.81	0.11	8.13	0.10	0.02	0.10								
EDML	T3	Event	1869.40	1869.46	73.90	185	13.01	0.11	6.74	0.14	0.06	0.15	0.50	0.15	9.20	11.55	4.84	6.42	0.14	3.42
EDML	T3	Event	1869.46	1869.50	73.91	394	9.90	0.11	5.30	0.11	0.21	0.11	0.76	0.08	8.00	0.86	4.40	0.44	0.28	0.28
EDML	T3	Event	1869.50	1869.53	73.91	246	13.51	0.11	7.53	0.10	0.59	0.10	0.63	0.11	11.99	1.05	7.14	0.45	0.99	0.57
EDML	T3	Background	1869.53	1869.59	73.91	127	16.16	0.11	8.36	0.11	0.07	0.11								
EDML	T3	Background	1869.59	1869.70	73.92	73	15.46	0.11	7.88	0.10	-0.06	0.10								
EDC	T3	Event	1081.12	1081.16	73.90	174	16.09	0.15	8.14	0.18	-0.12	0.17								
EDC	T3	Event	1081.16	1081.20	73.90	190	14.94	0.15	7.61	0.18	-0.06	0.17								
EDC	T3	Event	1081.21	1081.22	73.91	437	8.02	0.15	3.97	0.18	-0.15	0.17	0.55	0.06	0.98	1.90	0.28	1.00	-0.22	0.14
EDC	T3	Event	1081.24	1081.25	73.91	1085	1.05	0.15	0.02	0.18	-0.52	0.17	0.82	0.04	-2.36	0.88	-1.83	0.48	-0.61	0.06
EDC	T3	Event	1081.25	1081.26	73.91	886	-0.78	0.15	-1.01	0.18	-0.61	0.17	0.78	0.04	-5.71	1.16	-3.70	0.64	-0.76	0.08
EDC	T3	Event	1081.27	1081.28	73.91	1172	0.33	0.15	-0.61	0.43	-0.78	0.43	0.83	0.04	-2.93	0.86	-2.44	0.70	-0.93	0.52
EDC	T3	Event	1081.28	1081.29	73.91	1178	4.51	0.15	2.11	0.18	-0.21	0.17	0.83	0.04	2.13	0.64	0.86	0.36	-0.24	0.14
EDC	T3	Event	1081.29	1081.30	73.91	976	9.60	0.15	5.30	0.18	0.36	0.17	0.80	0.04	7.89	0.42	4.53	0.21	0.47	0.10
EDC	T3	Event	1081.30	1081.31	73.91	600	12.91	0.15	7.02	0.18	0.39	0.17	0.67	0.05	11.22	0.41	6.38	0.20	0.62	0.15
EDC	T3	Event	1081.32	1081.33	73.92	462	13.97	0.15	7.59	0.32	0.42	0.32	0.57	0.06	12.18	0.48	7.04	0.59	0.79	0.58
EDC	T3	Background	1081.34	1081.38	73.92	197	16.32	0.15	8.31	0.18	-0.06	0.17								
EDC	T3	Event	1081.38	1081.42	73.92	212	16.76	0.15	8.36	0.18	-0.23	0.17								
EDML	T4	Background	1870.77	1870.87	74.02	81	14.79	0.11	7.56	0.10	-0.03	0.10								
EDML	T4	Event	1870.87	1870.91	74.02	263	15.19	0.11	7.77	0.10	-0.03	0.11	0.71	0.11	15.21	0.46	7.76	0.29	-0.04	0.37
EDML	T4	Event	1870.91	1870.93	74.02	666	1.85	0.11	0.55	0.09	-0.40	0.10	0.89	0.05	0.12	0.89	-0.38	0.49	-0.45	0.15
EDML	T4	Event	1870.93	1870.94	74.02	990	1.54	0.11	0.45	0.10	-0.35	0.10	0.92	0.04	0.40	0.66	-0.17	0.37	-0.37	0.13
EDML	T4	Event	1870.94	1870.96	74.03	910	3.92	0.11	2.12	0.11	0.10	0.12	0.92	0.04	2.88	0.58	1.60	0.32	0.12	0.15
EDML	T4	Event	1870.96	1871.00	74.03	445	13.21	0.11	6.85	0.15	0.07	0.16	0.83	0.07	12.80	0.30	6.66	0.24	0.09	0.25
EDML	T4	Background	1871.00	1871.10	74.03	69	15.53	0.11	7.99	0.10	0.02	0.10								
EDC	T4b	Event	1083.26	1083.30	74.12	146	14.64	0.15	7.44	0.09	-0.07	0.17								
EDC	T4b	Event	1083.30	1083.34	74.12	185	15.66	0.15	7.98	0.09	-0.06	0.17								
EDC	T4b	Event	1083.34	1083.38	74.13	240	10.59	0.15	5.33	0.09	-0.11	0.17	0.44	0.11	2.21	5.01	0.93	2.65	-0.20	0.19
EDC	T4b	Event	1083.38	1083.42	74.13	431	3.64	0.15	1.76	0.09	-0.11	0.17	0.69	0.07	-2.29	1.80	-1.31	0.94	-0.13	0.13
EDC	T4b	Event	1083.42	1083.46	74.13	187	12.26	0.15	6.26	0.09	-0.04	0.17								
EDC	T4b	Background	1083.46	1083.50	74.14	135	16.23	0.15	8.29	0.09	-0.03	0.17								
EDML	T5	Event	1877.37	1877.48	74.53	75	14.13	0.11	7.30	0.10	0.05	0.10	0.30	0.22	2.57	53.01	2.72	29.12	1.94	32.76
EDML	T5	Event	1877.48	1877.54	74.54	117	10.60	0.11	5.37	0.10	-0.08	0.10	0.37	0.21	-13.57	64.06	-7.06	34.31	0.80	14.68
EDML	T5	Event	1877.54	1877.61	74.54	109	11.03	0.11	5.91	0.09	0.24	0.10	0.34	0.21	-16.50	72.87	-5.92	33.07	3.67	21.39
EDML	T5	Background	1877.61	1877.68	74.55	75	15.16	0.11	7.69	0.10	-0.09	0.10								
EDML	T6	Background	1877.68	1877.78	74.55	62	16.45	0.11	8.45	0.11	0.02	0.11								
EDML	T6	Event	1877.78	1877.83	74.56	186	5.78	0.11	2.55	0.10	-0.42	0.11	0.60	0.15	-2.01	8.33	-1.82	4.91	-0.77	0.76
EDML	T6	Event	1877.83	1877.85	74.56	377	9.10	0.11	4.67	0.11	-0.01	0.11	0.80	0.08	7.47	0.85	3.83	0.46	-0.01	0.24
EDML	T6	Event	1877.85	1877.87	74.56	399	12.07	0.11	6.75	0.11	0.55	0.12	0.81	0.08	11.27	0.47	6.46	0.24	0.67	0.24
EDML	T6	Event	1877.87	1877.90	74.57	211	15.50	0.11	8.09	0.11	0.13	0.11	0.65	0.13	15.54	0.67	8.16	0.40	0.19	0.52
EDML	T6	Background	1877.90	1877.98	74.57	102	14.83	0.11	7.60	0.11	-0.01	0.11								
EDML	T6	Background	1877.98	1878.12	74.58	59	15.13	0.11	7.82	0.10	0.06	0.11								
EDML	T7/T8	Background	1882.79	1882.89	74.93	67	16.61	0.11	8.66	0.11	0.14	0.12								
EDML	T7/T8	Event	1882.89	1882.94	74.94	383	8.17	0.11	3.90	0.11	-0.30	0.11	0.83	0.08	6.32	1.02	2.86	0.58	-0.39	0.22
EDML	T7/T8	Event	1882.94	1883.00	74.94	141	13.92	0.11	7.57	0.11	0.43	0.12	0.53	0.20	9.61	14.63	5.91	5.67	1.01	4.22
EDML	T7/T8	Background	1883.11	1883.21	74.96	65	16.63	0.11	8.57	0.11	0.04	0.11								
EDML	T7/T8	Event	1883.21	1883.30	74.96	157	10.94	0.11	5.49	0.10	-0.13	0.10	0.58	0.18	5.27	9.98	2.38	5.26	-0.32	1.63
EDML	T7/T8	Event	1883.30	1883.37	74.97	128	14.53	0.11	7.69	0.11	0.23	0.12	0.49	0.21	9.29	21.21	5.30	11.64	0.60	7.97
EDML	T7/T8	Event	1883.37	1883.48	74.98	83	13.56	0.11	6.96	0.11	0.00	0.12								
EDML	T9	Background	1890.41	1890.52	75.48	80	15.41	0.11	7.97	0.10	0.07	0.10								
EDML	T9	Event	1890.52	1890.58	75.48	166	7.00	0.11	3.36	0.10	-0.24	0.11	0.54	0.17	-3.61	15.44	-2.41	8.50	-0.52	1.94
EDML	T9	Event	1890.58	1890.61	75.49	291	5.81	0.11	3.00	0.11	0.02	0.11	0.74	0.10	1.82	2.11	0.94	1.10	0.01	0.33
EDML	T9	Event	1890.61	1890.64	75.49	237	12.95	0.11	6.73	0.11	0.08	0.11	0.68	0.12	11.16	1.19	5.84	0.61	0.11	0.45
EDML	T9	Event	1890.64	1890.70	75.49	151	15.03	0.11	7.71	0.11	-0.01	0.11	0.49	0.18	12.82	9.64	6.50	3.85	-0.07	5.80
EDML	T9	Background	1890.70	1890.80	75.50	80	16.98	0.11	8.79	0.11	0.08	0.12								
EDML	T9	Background	1890.80	1890.92	75.51	69	16.62	0.11	8.54	0.10	0.01	0.10								
EDML	T9	Event	1890.92	1891.00	75.51	121	12.43	0.11	6.38	0.11	0.00	0.11								
