Depth ice/snow [m]	Gas age [ka BP]	CH4 [ppbv]
149.2		668.000
173.1	3.6619300	636.000
177.4	3.7466200	595.000
228.7	6.4560100	588.000
236.4	6.8928700	574.000
266.0	8.1674500	616.000
303.8	10.5669000	667.000
321.2	11.3263000	621.000
325.0	11.4773000	511.000
331.7	11.9686000	477.000
342.1	12.6301000	501.000
356.0	13.2876000	662.000
365.6	14.1856000	610.000
366.2	14.2305000	642.000
381.7	15.5752000	445.000
426.3	19.0065000	395.000
443.5	20.6623000	363.000
458.3	22.0961000	349.000
471.0	23.0226000	379.000
491.3	25.7147000	348.000
506.4	27.4906000	406.000
507.4	27.6471000	339.000
510.2	28.0927000	371.000
513.6	28.3647000	377.000
517.6	28.5288000	403.000
519.7	28.6010000	403.000
522.5	28.7024000	340.000
522.6	28.7065000	360.000
522.7	28.7106000	381.000
525.6	28.8213000	358.000
528.2	28.9758000	392.000
532.2	29.5189000	377.000
532.4	29.5457000	380.000
535.0	29.8974000	360.000
540.0	30.3347000	363.000
541.5	30.4398000	384.000
545.2	30.6691000	387.000
547.0	30.7970000	412.000
549.4	30.9794000	426.000
552.0	31.1682000	418.000
554.2	31.3362000	448.000
556.5	31.4960000	464.000
560.2	31.7607000	435.000
562.5	31.9274000	416.000
563.1	31.9684000	403.000
565.2	32.1111000	382.000
569.2	32.5458000	396.000
571.4	32.8365000	425.000
574.3	33.2613000	435.000
577.8	33.5080000	436.000
581.8	33.5468000	421.000
582.8	33.6532000	416.000
583.3	33.7148000	429.000
589.2	34.4779000	481.000
591.7	34.8029000	489.000
593.8	35.0479000	482.000
599.1	35.6629000	394.000
602.6	36.0684000	429.000
609.7	36.7794000	469.000
612.0	37.0189000	505.000
615.5	37.3725000	548.000
617.7	37.5535000	532.000
619.5	37.6854000	520.000
622.2	37.8629000	530.000
625.1	38.0309000	509.000
627.6	38.1712000	492.000
629.2	38.2744000	484.000
633.4	38.5946000	418.000
635.1	38.7681000	403.000
639.5	39.2107000	459.000
641.3	39.3845000	414.000
644.6	39.6330000	375.000
648.0	39.8554000	423.000
649.2	39.9414000	443.000
653.8	40.2521000	431.000
664.1	41.1206000	484.000
682.0	42.6529000	520.000
683.0	42.7627000	493.000
694.6	44.1617000	424.000
699.5	44.8021000	448.000
706.1	45.3327000	537.000
712.9	45.6916000	522.000
724.8	46.2709000	441.000
748.3	47.7471000	419.000
765.3	49.2683000	402.000
788.2	50.7888000	466.000
812.0	52.8279000	504.000
834.8	53.9333000	480.000
860.6	55.6700000	514.000
885.3	57.7909000	528.000
911.4	59.3920000	442.000
937.3	61.3717000	411.000
962.4	63.6838000	414.000
986.3	65.2301000	415.000
1011.3	66.8260000	434.000
1037.5	69.2816000	424.000
1062.2	71.1311000	458.000
1087.2	72.7004000	430.000
1112.6	74.3595000	462.000
1137.7	76.1960000	402.000
1162.1	78.5591000	438.000
1186.5	80.1340000	497.000
1209.7	81.5782000	545.000
1237.2	83.3276000	594.000
1261.2	84.5214000	529.000
1289.2	86.5993000	425.000
1309.2	88.0929000	417.000
1338.2	90.3314000	454.000
1363.7	92.5115000	443.000
1387.2	94.2163000	406.000
1413.0	95.9586000	407.000
1442.8	98.4935000	476.000
1451.4	99.5340000	480.000
1463.3	100.7820000	521.000
1476.1	101.3370000	493.000
1505.0	103.8920000	559.000
1526.2	105.2590000	591.000
1531.2	105.5150000	563.000
1532.0	105.6020000	564.000
1532.2	105.6200000	571.100
1533.2	105.7090000	489.000
1534.2	105.7980000	535.000
1536.0	105.9640000	452.000
1537.0	106.0380000	449.000
1541.2	106.3530000	455.000
1542.0	106.4120000	444.000
1542.1	106.4190000	437.000
1543.0	106.4880000	461.000
1544.2	106.5810000	489.000
1545.2	106.6590000	454.000
1547.0	106.8070000	452.000
1549.2	106.9880000	474.000
1550.2	107.0700000	489.000
1552.3	107.2610000	511.000
1556.6	107.6520000	502.000
1557.4	107.7280000	451.000
1559.2	107.9070000	491.000
1562.2	108.2170000	510.000
1564.2	108.3240000	483.000
1568.2	108.6800000	522.000
1571.2	108.8350000	540.000
1574.2	109.0460000	534.000
1582.8	109.7670000	468.000
1614.8	113.2910000	448.000
1627.7	114.4200000	443.000
1630.3	114.6590000	463.000
1637.7	115.2770000	505.000
1638.8	115.3510000	483.000
1643.4	115.6300000	497.000
1649.0	115.9540000	511.000
1654.5	116.2760000	485.000
1658.6	116.5620000	503.000
1664.5	116.9800000	520.000
1667.6	117.1830000	550.000
1669.5	117.3060000	531.000
1671.3	117.4300000	548.000
1674.2	117.6290000	575.000
1680.0	117.9970000	541.000
1684.5	118.1930000	555.000
1686.2	118.2160000	572.000
1688.4	118.3180000	590.000
1694.0	118.5810000	560.000
1694.6	118.6220000	573.000
1697.7	118.7890000	575.000
1704.7	119.1900000	563.000
1708.8	119.3950000	559.000
1714.2	119.7970000	589.000
1716.0	119.9230000	573.000
1719.4	120.1370000	584.000
1722.6	120.3370000	591.000
1731.2	120.8350000	603.000
1735.2	121.0720000	601.000
1736.8	121.1720000	578.000
1739.0	121.3090000	606.000
1744.3	121.6340000	592.000
1751.5	122.0630000	598.000
1754.3	122.2250000	594.000
1759.4	122.5080000	618.000
1765.5	122.8310000	592.000
1768.5	122.9990000	594.000
1770.0	123.0870000	600.000
1775.7	123.4110000	598.000
1780.0	123.6480000	604.000
1783.1	123.8210000	601.000
1786.8	124.0240000	622.000
1789.2	124.1620000	602.000
1789.4	124.1730000	630.000
1794.2	124.4320000	618.000
1797.8	124.6470000	619.000
1804.5	125.0370000	610.000
1814.8	125.6630000	649.000
1818.4	125.8670000	645.000
1819.6	125.9350000	623.000
1820.4	125.9810000	677.000
1824.6	126.0680000	672.000
1831.0	126.1670000	633.000
1832.3	126.2410000	644.000
1834.2	126.3500000	644.000
1834.7	126.3780000	636.000
1838.5	126.6850000	632.000
1844.8	127.2630000	638.000
1848.4	127.4450000	655.000
1852.3	127.5710000	666.000
1853.9	127.6310000	683.000
1857.4	127.7720000	653.000
1860.6	127.8980000	687.000
1863.8	128.0380000	708.000
1869.4	128.3370000	710.000
1870.2	128.3960000	699.000
1874.4	128.7170000	700.000
1875.5	128.7910000	704.000
1878.8	129.0200000	676.000
1883.3	129.1170000	552.000
1884.2	129.1600000	565.000
1888.6	129.4170000	540.000
1893.4	129.7570000	560.000
1897.9	130.0750000	524.000
1903.6	130.4710000	542.000
1910.9	130.9900000	492.000
1921.5	131.7940000	477.000
1922.3	131.8570000	491.000
1932.1	132.6810000	453.000
1954.6	134.9210000	431.000
1969.9	136.7670000	399.000
1980.2	137.8330000	352.000
1987.4	138.1110000	357.000
1994.7	138.5580000	374.000
1998.0	138.9250000	377.000
2005.9	139.8400000	348.000
2009.4	140.2680000	339.000
2016.4	141.3420000	318.000
2030.9	142.8560000	319.000
2042.5	144.1020000	345.000
2063.7	146.7700000	355.000
2088.6	149.8440000	356.000
2102.4	151.9440000	400.000
2103.7	152.0900000	404.000
2107.2	152.4760000	410.000
2109.0	152.6810000	418.000
2116.0	153.4530000	410.000
2119.4	153.8470000	376.000
2123.0	154.2770000	383.000
2127.2	154.7840000	395.000
2131.1	155.2620000	492.000
2137.1	155.9810000	445.000
2143.5	156.8150000	414.000
2149.3	157.5990000	380.000
2153.4	158.1680000	382.000
2157.2	158.6940000	350.000
2164.0	159.7160000	377.000
2167.3	160.1660000	406.000
2172.2	160.6900000	364.000
2177.3	161.2260000	403.000
2180.4	161.5560000	381.000
2188.1	162.2850000	419.000
2196.4	163.1440000	376.000
2201.4	163.6770000	396.000
2207.3	164.3350000	385.000
2217.0	165.3340000	431.000
2225.0	166.1430000	405.000
2231.0	166.7790000	369.000
2240.2	167.9200000	369.000
2247.0	168.7460000	420.000
2254.0	169.5090000	385.000
2262.0	170.3080000	440.000
2266.0	170.6610000	463.000
2273.0	171.3110000	478.000
2279.0	171.8470000	394.000
2286.2	172.5360000	406.000
2293.0	173.3630000	433.000
2302.0	174.4420000	456.000
2307.2	174.9030000	460.000
2312.3	175.4130000	402.000
2316.0	175.8280000	432.000
2325.0	176.8530000	468.000
2331.0	177.5300000	411.000
2340.0	178.5980000	438.000
2348.0	179.8730000	503.000
2354.2	180.5140000	523.000
2363.0	181.3020000	522.000
2373.0	182.3430000	464.000
2379.2	183.2580000	426.000
2386.0	184.3710000	470.000
2391.0	185.1710000	458.000
2399.0	186.4110000	510.000
2405.0	187.2510000	479.000
2414.0	188.4370000	445.000
2419.2	189.1000000	395.000
2425.0	189.8060000	440.000
2430.2	190.3680000	400.000
2437.5	191.3300000	414.000
2442.0	191.9580000	412.000
2449.7	192.9040000	424.000
2461.0	194.1870000	476.000
2470.3	195.1260000	462.000
2475.0	195.8000000	460.000
2478.3	196.2770000	437.000
2488.0	197.5810000	489.000
2494.1	198.3270000	504.000
2501.0	199.2460000	558.000
2525.0	201.7520000	612.000
2543.0	203.8420000	482.000
2552.0	205.2020000	425.000
2554.9	205.5740000	421.000
2557.7	205.9430000	413.000
2560.9	206.3590000	436.000
2564.9	206.8960000	466.000
2567.5	207.2390000	463.000
2570.4	207.6220000	455.000
2574.2	208.1070000	496.000
2575.5	208.2730000	475.000
2579.9	208.8200000	476.000
2581.9	209.0810000	485.000
2584.7	209.4440000	515.000
2588.5	209.9260000	473.000
2590.4	210.1730000	498.000
2595.1	210.8300000	567.000
2596.7	211.0570000	503.000
2600.4	211.5760000	509.000
2603.7	212.0770000	586.000
2606.6	212.5320000	551.000
2609.7	213.0270000	554.000
2612.5	213.3290000	545.000
2615.5	213.5820000	569.000
2621.7	214.1580000	581.000
2629.0	215.0220000	558.000
2633.5	215.7540000	568.000
2636.7	216.3040000	586.000
2639.5	216.7360000	544.000
2643.7	217.3230000	557.000
2646.4	217.6660000	541.000
2649.4	218.0660000	483.000
2656.2	219.0660000	440.000
2659.5	219.5800000	431.000
2666.7	220.9330000	476.000
2669.4	221.4900000	473.000
2674.6	222.5380000	498.000
2676.9	223.0200000	480.000
2682.6	224.2690000	482.000
2691.0	226.2570000	494.000
2693.6	226.8480000	532.000
2698.0	227.7180000	532.000
2700.5	228.2280000	512.000
2702.9	228.8180000	506.000
2705.6	229.5700000	497.000
2707.9	230.1870000	483.000
2711.8	231.1520000	484.000
2714.7	231.9810000	476.000
2717.7	232.8530000	445.000
2732.5	235.9380000	439.000
2735.7	236.4260000	460.000
2738.7	236.8490000	495.000
2741.9	237.4260000	502.000
2744.8	237.9380000	514.000
2747.6	238.4230000	541.000
2751.1	239.0060000	540.000
2753.6	239.3850000	550.000
2756.2	239.7380000	540.000
2759.2	240.2060000	554.000
2761.5	240.6680000	538.000
2765.2	241.3310000	582.000
2768.2	241.8560000	587.000
2771.2	242.3420000	619.000
2773.5	242.6840000	631.000
2776.5	243.1370000	650.000
2780.0	243.6880000	500.000
2782.8	244.1370000	554.000
2785.5	244.5810000	538.000
2788.5	245.0550000	522.000
2791.5	245.5640000	488.000
2794.6	246.2100000	498.000
2797.5	246.8680000	484.000
2800.5	247.6390000	470.000
2806.5	249.0970000	509.000
2809.9	249.8800000	457.000
2815.6	251.3880000	402.000
2818.5	252.0990000	437.000
2821.5	252.9510000	401.000
2824.5	253.7540000	380.000
2827.5	254.5840000	423.000
2830.4	255.3550000	405.000
2833.8	256.2960000	399.000
2836.5	257.0570000	424.000
2839.5	257.9050000	447.000
2842.4	258.7060000	465.000
2845.5	259.3950000	467.000
2847.7	259.9290000	417.000
2849.0	260.2850000	432.000
2850.7	260.7130000	429.000
2851.5	260.8920000	421.000
2853.7	261.3280000	417.000
2854.4	261.4660000	410.000
2856.4	261.8540000	433.000
2857.5	262.0530000	511.000
2859.7	262.6030000	482.000
2860.5	262.8140000	486.000
2862.5	263.3700000	426.000
2863.0	263.5030000	407.000
2863.4	263.6220000	400.000
2863.8	263.7270000	388.000
2865.5	264.2420000	387.000
2866.5	264.5800000	398.000
2868.9	265.5030000	376.000
2870.4	266.0910000	408.000
2871.4	266.4900000	411.000
2872.7	267.0030000	385.000
2874.6	267.7400000	427.000
2876.2	268.2550000	402.000
2878.5	268.9960000	410.000
2879.4	269.2860000	415.000
2879.7	269.3660000	423.000
2881.1	269.8220000	382.000
2881.5	269.9670000	457.000
2882.4	270.2770000	395.000
2883.9	270.8110000	406.000
2884.5	271.0320000	445.000
2885.7	271.4750000	417.000
2887.0	271.9780000	461.000
2887.5	272.1460000	426.000
2888.4	272.4650000	464.000
2888.7	272.5480000	424.000
2890.1	273.0290000	454.000
2890.5	273.1620000	448.000
2891.7	273.5480000	421.000
2892.7	273.8880000	469.000
2893.5	274.1600000	454.000
2894.4	274.4610000	435.000
2896.1	275.0020000	441.000
2896.4	275.1170000	448.000
2896.9	275.2970000	460.000
2899.1	276.0790000	442.000
2899.5	276.2540000	441.000
2900.7	276.7160000	452.000
2902.5	277.4390000	442.000
2903.4	277.8030000	433.000
2903.7	277.9070000	453.000
2905.5	278.5870000	443.000
2906.4	278.9090000	445.000
2908.5	279.6150000	411.000
2909.7	279.9980000	397.000
2911.1	280.4360000	358.000
2911.4	280.5410000	417.000
2912.4	280.8350000	450.000
2912.5	280.8620000	421.000
2914.0	281.2630000	541.000
2914.5	281.3980000	453.000
2915.4	281.6560000	499.000
2915.7	281.7240000	472.000
2917.0	282.0420000	529.000
2917.5	282.1540000	429.000
2919.2	282.5360000	425.000
2919.4	282.5910000	441.000
2920.1	282.7550000	441.000
2921.4	283.0660000	449.000
2921.7	283.1260000	455.000
2922.9	283.4560000	461.000
2923.5	283.6170000	460.000
2924.7	283.9340000	442.000
2926.1	284.3140000	462.000
2926.5	284.4320000	484.000
2927.4	284.6750000	438.000
2927.7	284.7420000	498.000
2929.0	285.0880000	442.000
2929.5	285.2110000	474.000
2930.4	285.4350000	453.000
2930.8	285.5300000	463.000
2932.1	285.8270000	461.000
2932.5	285.9290000	440.000
2933.6	286.1860000	538.000
2935.1	286.5100000	479.000
2935.5	286.6070000	472.000
2936.7	286.8840000	472.000
2939.3	287.4420000	498.000
2939.4	287.4650000	495.000
2939.7	287.5160000	509.000
2941.1	287.7500000	497.000
2941.5	287.8190000	508.000
2942.7	287.9970000	514.000
2944.1	288.2160000	552.000
2944.5	288.2840000	516.000
2945.4	288.4370000	502.000
2947.1	288.7680000	520.000
2947.5	288.8650000	509.000
2948.7	289.1230000	520.000
2950.1	289.4440000	522.000
2951.2	289.6860000	522.000
2953.1	290.0890000	526.000
2953.5	290.1840000	505.000
2954.4	290.3790000	455.000
2954.6	290.4310000	529.000
2956.1	290.7630000	439.000
2956.5	290.8610000	430.000
2957.7	291.1270000	442.000
2959.5	291.5600000	424.000
2960.0	291.6860000	453.000
2960.4	291.7790000	425.000
2964.5	292.8160000	430.000
2965.7	293.1640000	418.000
2967.5	293.6480000	458.000
2968.9	294.0300000	503.000
2970.1	294.3300000	495.000
2970.5	294.4530000	448.000
2971.7	294.7760000	458.000
2973.1	295.1600000	461.000
2973.9	295.3890000	507.000
2974.4	295.5200000	502.000
2976.1	295.9380000	538.000
2976.5	296.0510000	559.000
2977.4	296.2830000	538.000
2978.6	296.5800000	539.000
2979.5	296.8260000	464.000
2980.7	297.1550000	446.000
2982.4	297.6650000	450.000
2983.4	297.9600000	490.000
2985.1	298.4350000	469.000
2986.0	298.7020000	470.000
2986.4	298.8100000	492.000
2988.1	299.2430000	468.000
2988.6	299.3740000	482.000
2989.6	299.6240000	582.000
2991.0	299.9850000	560.000
2991.5	300.1130000	462.000
2992.4	300.3690000	468.000
2992.7	300.4540000	500.000
2994.0	300.8570000	509.000
2994.5	301.0220000	522.000
2995.8	301.4460000	463.000
2997.1	301.9180000	459.000
2997.5	302.0800000	454.000
2998.4	302.4110000	449.000
3000.1	303.0000000	442.000
3000.4	303.1160000	433.000
3001.6	303.5380000	437.000
3001.9	303.6300000	436.000
3003.0	303.9670000	448.000
3003.5	304.0980000	438.000
3004.7	304.4360000	457.000
3006.0	304.8300000	413.000
3006.9	305.0690000	443.000
3007.4	305.2120000	449.000
3008.6	305.5320000	478.000
3009.5	305.7750000	475.000
3010.4	306.0160000	470.000
3012.5	306.5780000	475.000
3013.7	306.9100000	408.000
3015.6	307.4910000	429.000
3016.7	307.8020000	439.000
3018.0	308.1910000	523.000
3018.5	308.3230000	468.000
3021.1	308.9980000	454.000
3021.5	309.1100000	464.000
3022.4	309.3450000	474.000
3024.1	309.7790000	453.000
3024.9	310.0080000	466.000
3025.4	310.1470000	413.000
3027.1	310.6370000	481.000
3027.7	310.8350000	460.000
3028.7	311.1320000	475.000
3029.9	311.5180000	479.000
3030.4	311.6670000	487.000
3031.4	311.9730000	446.000
3033.1	312.4620000	505.000
3033.5	312.5910000	486.000
3034.6	312.8830000	529.000
3036.5	313.3400000	511.000
3039.5	314.0490000	545.000
3040.4	314.2760000	505.000
3040.9	314.4080000	561.000
3042.5	314.8330000	539.000
3043.7	315.1510000	551.000
3045.1	315.5330000	562.000
3045.5	315.6550000	603.000
3046.4	315.9010000	546.000
3048.0	316.3270000	548.000
3048.5	316.4360000	568.000
3049.6	316.6880000	606.000
3049.8	316.7450000	567.000
3051.1	317.0430000	555.000
3051.5	317.1470000	588.000
3052.7	317.4390000	453.000
3054.1	317.8070000	444.000
3054.5	317.9300000	435.000
3055.6	318.2260000	442.000
3055.7	318.2740000	421.000
3057.1	318.6610000	460.000
3057.7	318.8500000	443.000
3058.9	319.2620000	469.000
3060.5	319.8260000	457.000
3063.5	320.9130000	478.000
3064.4	321.2100000	475.000
3066.5	321.8150000	478.000
3070.4	322.8430000	500.000
3072.5	323.3800000	488.000
3073.6	323.6610000	480.000
3075.6	324.2200000	522.000
3078.5	325.0050000	570.000
3079.4	325.2460000	616.000
3081.6	325.8230000	561.000
3082.4	326.0360000	573.000
3084.6	326.6140000	589.000
3087.8	327.4330000	624.000
3088.4	327.5830000	611.000
3090.5	328.0850000	620.000
3093.5	328.7680000	621.000
3094.4	328.9700000	612.000
3096.4	329.4010000	639.000
3097.8	329.7010000	633.000
3098.4	329.8250000	615.000
3099.5	330.0510000	627.000
3102.5	330.6730000	637.000
3103.4	330.8620000	612.000
3105.5	331.2920000	639.000
3106.4	331.4940000	649.000
3109.5	332.2720000	636.000
3111.5	332.7960000	604.000
3112.5	333.0280000	570.000
3114.8	333.4990000	604.000
3117.5	333.9950000	647.000
3118.9	334.2460000	676.000
3119.7	334.3820000	665.000
3120.6	334.5420000	731.000
3121.7	334.7380000	731.000
3123.5	335.1000000	773.000
3126.5	335.7050000	575.000
3127.4	335.8880000	557.000
3129.9	336.3750000	581.000
3132.4	336.8660000	588.000
3133.6	337.1000000	559.000
3135.5	337.5140000	558.000
3138.5	338.2110000	537.000
3139.9	338.5630000	509.000
3141.5	338.9890000	517.000
3145.0	339.9810000	471.000
3145.4	340.1000000	473.000
3147.5	340.7320000	451.000
3151.4	342.0460000	455.000
3153.5	342.7880000	458.000
3156.5	343.9200000	371.000
3157.4	344.2500000	418.000
3159.5	344.9980000	383.000
3162.8	346.3160000	342.000
3165.5	347.5400000	369.000
3166.4	347.9310000	388.000
3169.0	349.1350000	422.000
3169.8	349.5110000	431.000
3171.5	350.3090000	397.000
3174.5	351.6710000	442.000
3175.5	352.1120000	404.000
3177.8	353.1700000	406.000
3180.5	354.4090000	384.000
3181.6	354.9040000	384.000
3183.4	355.8120000	398.000
3186.5	357.3980000	391.000
3187.4	357.8840000	415.000
3189.5	359.0050000	386.000
3192.5	360.6780000	392.000
3193.4	361.2040000	415.000
3195.7	362.5060000	384.000
3199.0	364.5470000	399.000
3200.0	365.1840000	399.000
3201.4	366.0560000	396.000
3202.7	366.8310000	407.000
3204.7	368.0600000	454.000
3205.4	368.4790000	345.000
3207.5	369.6150000	422.000
3210.6	371.4440000	386.000
3213.7	373.4510000	397.000
3216.5	375.2350000	432.000
3217.4	375.7890000	434.000
3219.5	377.0290000	463.000
3222.5	378.7540000	517.000
3223.4	379.3220000	517.000
3225.5	380.6880000	405.000
3228.9	382.9250000	432.000
3229.4	383.2490000	427.000
3231.5	384.5510000	482.000
3234.5	386.2790000	473.000
3235.4	386.7530000	457.000
3237.5	387.8200000	521.000
3240.5	389.4050000	445.000
3243.5	390.9620000	516.000
3246.5	392.3260000	542.000
3247.3	392.6830000	539.000
3249.5	393.6500000	578.000
3252.5	395.1280000	567.000
3253.4	395.6010000	511.000
3255.5	396.6480000	544.000
3258.5	398.1150000	439.000
3261.5	399.5910000	448.000
3262.4	400.0390000	505.000
3264.5	401.0770000	478.000
3265.4	401.5170000	559.000
3267.5	402.4700000	550.000
3270.6	403.7160000	574.000
